! 
! FILENAME MUT_1mm
# Hz S RI R 50
 8200000000	          -0.7825317	          -0.2550354	            0.188446	          -0.4622498	           0.1891632	           -0.462204	          -0.7824402	          -0.2856445
 8221000000	          -0.7828369	          -0.2546997	           0.1885834	          -0.4634247	           0.1893311	          -0.4631653	           -0.782135	          -0.2867432
 8242000000	          -0.7817993	          -0.2541504	           0.1888275	          -0.4642944	           0.1894226	           -0.464325	          -0.7802124	          -0.2863159
 8263000000	          -0.7815857	          -0.2540283	           0.1890717	          -0.4652863	           0.1899109	          -0.4649353	           -0.780426	          -0.2849731
 8284000000	          -0.7809753	          -0.2539063	           0.1890106	          -0.4660492	           0.1896362	          -0.4659119	           -0.780304	          -0.2848816
 8305000000	          -0.7799072	          -0.2536316	           0.1889038	          -0.4669189	            0.190033	          -0.4667664	          -0.7781982	           -0.284668
 8326000000	          -0.7792053	          -0.2527161	           0.1890106	          -0.4676056	           0.1896973	          -0.4676514	          -0.7779236	          -0.2823486
 8347000000	          -0.7797546	          -0.2529297	           0.1888733	          -0.4681702	           0.1896057	          -0.4680786	          -0.7781372	          -0.2820435
 8368000000	          -0.7785034	          -0.2531433	           0.1888428	          -0.4687195	           0.1894836	          -0.4690094	          -0.7764893	          -0.2814941
 8389000000	          -0.7778931	          -0.2522888	           0.1885223	          -0.4694977	           0.1893768	          -0.4696808	          -0.7756958	           -0.278595
 8410000000	          -0.7781067	            -0.25177	           0.1883545	           -0.470047	           0.1890564	          -0.4699402	          -0.7765198	          -0.2774658
 8431000000	          -0.7777405	          -0.2518616	           0.1881409	          -0.4704132	           0.1890411	          -0.4703674	          -0.7748108	          -0.2770386
 8452000000	          -0.7773743	          -0.2507935	           0.1883392	          -0.4709778	           0.1887665	          -0.4712372	          -0.7735901	          -0.2745056
 8473000000	          -0.7771301	          -0.2502441	           0.1878662	          -0.4715576	           0.1888428	          -0.4711914	           -0.774231	          -0.2729492
 8494000000	          -0.7776184	          -0.2494812	           0.1881409	          -0.4715881	           0.1890564	          -0.4715729	          -0.7728271	          -0.2731323
 8515000000	          -0.7771301	          -0.2485352	           0.1879578	          -0.4720306	           0.1888428	          -0.4720001	           -0.770752	          -0.2713928
 8536000000	          -0.7772522	          -0.2475586	           0.1880493	          -0.4720154	           0.1886597	          -0.4720764	          -0.7714844	           -0.269165
 8557000000	          -0.7774353	          -0.2470093	           0.1882019	          -0.4721375	           0.1891937	          -0.4722137	          -0.7709961	          -0.2698059
 8578000000	          -0.7772217	          -0.2458496	           0.1887817	          -0.4726868	           0.1894684	          -0.4725952	          -0.7687378	          -0.2686462
 8599000000	          -0.7771301	          -0.2446594	           0.1886292	          -0.4728241	           0.1898346	          -0.4728546	          -0.7683411	          -0.2669983
 8620000000	          -0.7770691	           -0.243988	           0.1894684	          -0.4730682	           0.1900482	          -0.4728851	          -0.7688599	          -0.2671509
 8641000000	          -0.7768555	          -0.2432251	            0.189682	          -0.4731903	           0.1905365	          -0.4732208	          -0.7663269	          -0.2670288
 8662000000	          -0.7765808	          -0.2416992	           0.1903687	          -0.4733887	           0.1911011	          -0.4735107	          -0.7654114	          -0.2645569
 8683000000	          -0.7765503	          -0.2404785	           0.1907043	           -0.473877	           0.1915894	          -0.4739532	          -0.7652283	          -0.2649841
 8704000000	          -0.7761841	          -0.2393799	           0.1911621	          -0.4746399	           0.1921692	          -0.4743805	          -0.7626648	          -0.2657166
 8725000000	          -0.7756653	          -0.2380981	            0.191925	          -0.4749146	           0.1930847	          -0.4752502	          -0.7605591	            -0.26474
 8746000000	          -0.7754211	          -0.2369995	           0.1927643	          -0.4754944	           0.1934357	          -0.4755859	          -0.7599792	          -0.2648315
 8767000000	          -0.7750549	          -0.2367249	           0.1929016	           -0.476181	           0.1942291	          -0.4764862	          -0.7576904	           -0.266571
 8788000000	          -0.7741699	          -0.2353516	           0.1939545	          -0.4776764	           0.1948395	          -0.4776611	          -0.7541809	          -0.2667847
 8809000000	          -0.7736816	          -0.2344055	           0.1940613	          -0.4788818	           0.1949921	          -0.4789429	          -0.7532959	          -0.2667542
 8830000000	          -0.7733765	          -0.2344055	           0.1941986	          -0.4801941	           0.1950378	          -0.4803314	          -0.7516479	          -0.2690735
 8851000000	          -0.7727051	          -0.2342834	           0.1941833	          -0.4813843	           0.1950684	          -0.4818878	          -0.7486572	           -0.269989
 8872000000	          -0.7725525	          -0.2336731	           0.1937408	          -0.4830017	           0.1945496	          -0.4828491	          -0.7474976	          -0.2697449
 8893000000	          -0.7727661	          -0.2333069	           0.1928864	          -0.4836121	           0.1939087	          -0.4841461	           -0.746582	          -0.2718201
 8914000000	          -0.7731934	          -0.2323914	           0.1926117	            -0.48526	            0.193222	           -0.485199	          -0.7435913	          -0.2724304
 8935000000	          -0.7729492	          -0.2316284	            0.191391	          -0.4860687	           0.1922913	          -0.4862518	          -0.7424011	          -0.2713928
 8956000000	          -0.7737427	          -0.2313232	           0.1904297	           -0.486145	           0.1910553	          -0.4864502	          -0.7420959	          -0.2714844
 8977000000	          -0.7739258	          -0.2311096	           0.1897736	          -0.4866333	           0.1908417	          -0.4868927	           -0.739563	          -0.2727051
 8998000000	          -0.7738647	          -0.2297363	           0.1894836	          -0.4873047	           0.1903076	          -0.4873047	          -0.7373352	          -0.2714844
 9019000000	          -0.7746582	          -0.2286377	            0.189209	          -0.4871216	           0.1901703	          -0.4874878	          -0.7372742	          -0.2708435
 9040000000	          -0.7749023	           -0.227356	           0.1891174	          -0.4874878	           0.1901855	          -0.4875946	          -0.7355042	          -0.2723389
 9061000000	          -0.7749329	          -0.2259216	           0.1892242	          -0.4876251	           0.1901245	          -0.4880524	          -0.7334595	           -0.271637
 9082000000	          -0.7749634	          -0.2236633	            0.189743	          -0.4877472	           0.1906281	          -0.4879456	           -0.734314	          -0.2715149
 9103000000	          -0.7749939	          -0.2225342	           0.1902618	          -0.4880829	           0.1911621	          -0.4885254	           -0.734436	          -0.2734375
 9124000000	          -0.7744446	          -0.2207947	           0.1908875	          -0.4889679	           0.1917114	           -0.489151	          -0.7331543	          -0.2737122
 9145000000	          -0.7734985	          -0.2189941	           0.1912537	          -0.4897766	           0.1920013	          -0.4901733	          -0.7346497	          -0.2731934
 9166000000	          -0.7732849	          -0.2175598	            0.191452	          -0.4909058	           0.1922913	          -0.4913635	          -0.7375183	          -0.2748718
 9187000000	          -0.7727051	          -0.2161865	            0.191803	          -0.4921265	           0.1925354	          -0.4928131	          -0.7380371	          -0.2758789
 9208000000	          -0.7717285	          -0.2145691	           0.1910858	          -0.4940033	            0.191864	          -0.4942017	          -0.7406616	          -0.2742615
 9229000000	          -0.7713318	          -0.2134399	           0.1908569	          -0.4946594	           0.1916656	          -0.4953918	          -0.7450562	          -0.2744751
 9250000000	           -0.770752	          -0.2133179	           0.1894379	          -0.4962158	           0.1903534	          -0.4964447	          -0.7469788	           -0.275238
 9271000000	          -0.7697449	          -0.2121277	           0.1885834	           -0.497345	           0.1892395	          -0.4978027	          -0.7488403	           -0.273407
 9292000000	          -0.7698364	          -0.2107544	           0.1865387	          -0.4980469	           0.1871185	          -0.4985352	          -0.7529907	          -0.2711792
 9313000000	          -0.7703247	          -0.2104797	           0.1851196	          -0.4981537	           0.1857758	          -0.4987335	          -0.7546082	          -0.2721252
 9334000000	          -0.7699585	          -0.2096863	           0.1834717	          -0.4986572	           0.1844482	          -0.4987793	           -0.755188	          -0.2708435
 9355000000	          -0.7695618	          -0.2086487	           0.1823425	          -0.4979553	           0.1829681	          -0.4984131	          -0.7575684	          -0.2689209
 9376000000	          -0.7707214	          -0.2077942	           0.1812439	          -0.4975433	              0.1819	          -0.4977722	          -0.7587891	          -0.2706909
 9397000000	          -0.7706604	          -0.2062683	           0.1806335	          -0.4971313	           0.1811981	          -0.4977417	          -0.7579651	          -0.2715149
 9418000000	          -0.7709351	          -0.2038574	           0.1799927	          -0.4963074	           0.1807556	          -0.4967957	           -0.758606	          -0.2713013
 9439000000	          -0.7711182	          -0.2022095	           0.1798706	          -0.4954529	           0.1804962	          -0.4961853	           -0.760376	          -0.2739563
 9460000000	          -0.7709656	          -0.2008362	           0.1805267	          -0.4951935	           0.1813965	          -0.4955597	          -0.7585754	          -0.2770386
 9481000000	          -0.7699585	          -0.1989136	           0.1807251	          -0.4955597	           0.1813812	          -0.4962616	          -0.7587585	          -0.2775574
 9502000000	          -0.7703552	          -0.1966858	           0.1814423	          -0.4959717	           0.1822357	          -0.4963531	          -0.7605896	          -0.2803345
 9523000000	          -0.7692871	          -0.1951599	           0.1822052	          -0.4966736	           0.1826782	          -0.4972382	          -0.7602234	          -0.2844238
 9544000000	          -0.7677917	          -0.1929626	           0.1826019	          -0.4976501	           0.1830444	          -0.4979858	          -0.7599182	          -0.2851563
 9565000000	          -0.7668152	          -0.1911316	           0.1829529	          -0.4986267	           0.1831512	          -0.4992676	          -0.7624817	          -0.2861328
 9586000000	          -0.7661743	           -0.190033	           0.1827393	          -0.5003052	           0.1832275	          -0.5007019	          -0.7637939	          -0.2895203
 9607000000	          -0.7643433	          -0.1891479	           0.1827393	          -0.5016174	           0.1829224	           -0.502533	          -0.7633362	          -0.2900391
 9628000000	          -0.7626648	          -0.1879272	            0.182251	          -0.5033264	           0.1827698	          -0.5036316	          -0.7655334	          -0.2887878
 9649000000	          -0.7619934	          -0.1864929	            0.181427	          -0.5044861	           0.1816406	          -0.5050964	          -0.7673035	          -0.2896423
 9670000000	          -0.7608948	          -0.1860657	           0.1799927	          -0.5060425	           0.1801147	          -0.5063171	           -0.766571	           -0.289032
 9691000000	          -0.7593689	          -0.1856689	           0.1789856	          -0.5069275	           0.1790771	          -0.5073853	          -0.7675476	          -0.2859802
 9712000000	          -0.7582397	          -0.1851807	            0.177063	          -0.5079041	           0.1774597	          -0.5082703	          -0.7695007	          -0.2847595
 9733000000	          -0.7575684	          -0.1848145	           0.1758118	          -0.5080261	           0.1756897	          -0.5087891	          -0.7685547	          -0.2833252
 9754000000	          -0.7567139	          -0.1842041	           0.1737976	          -0.5086365	           0.1741333	          -0.5090637	          -0.7683411	          -0.2786865
 9775000000	          -0.7559509	          -0.1839905	           0.1723022	          -0.5085754	           0.1723938	          -0.5091553	          -0.7697754	          -0.2759399
 9796000000	          -0.7552795	          -0.1842346	             0.17099	          -0.5084534	           0.1710205	           -0.508606	          -0.7687988	          -0.2747803
 9817000000	          -0.7547913	          -0.1838684	           0.1698303	          -0.5084534	           0.1698914	          -0.5089111	          -0.7675171	          -0.2709045
 9838000000	          -0.7536926	          -0.1830444	           0.1684875	          -0.5074768	           0.1685181	          -0.5076294	           -0.768158	          -0.2671814
 9859000000	           -0.753418	          -0.1825867	           0.1674805	          -0.5075073	           0.1677246	          -0.5075684	          -0.7681274	          -0.2666321
 9880000000	          -0.7522888	          -0.1825867	           0.1667175	          -0.5070801	           0.1670227	          -0.5073242	          -0.7658386	          -0.2643433
 9901000000	          -0.7511292	          -0.1818848	           0.1663208	          -0.5068665	           0.1660767	          -0.5070801	          -0.7667236	          -0.2607422
 9922000000	          -0.7513123	          -0.1800537	           0.1653748	          -0.5061035	           0.1658325	          -0.5061951	          -0.7674866	          -0.2607422
 9943000000	          -0.7506714	          -0.1790161	           0.1652527	          -0.5056152	           0.1650085	          -0.5059204	          -0.7661743	          -0.2601318
 9964000000	          -0.7493286	          -0.1792297	           0.1648254	          -0.5057678	           0.1651001	          -0.5053711	            -0.76651	          -0.2572327
 9985000000	          -0.7481384	          -0.1784363	           0.1650085	          -0.5055237	           0.1650391	          -0.5056152	          -0.7687073	          -0.2572327
1.0006e+010	          -0.7468872	          -0.1769714	           0.1647034	          -0.5054626	           0.1648254	           -0.505249	          -0.7681885	          -0.2582092
1.0027e+010	          -0.7459412	          -0.1753235	           0.1643677	          -0.5052185	           0.1643677	          -0.5054932	           -0.768158	          -0.2566223
1.0048e+010	           -0.744812	          -0.1746826	            0.164093	          -0.5050964	           0.1641541	           -0.505249	          -0.7711487	          -0.2557678
1.0069e+010	          -0.7439575	          -0.1748352	           0.1641235	          -0.5053711	           0.1641846	          -0.5053101	          -0.7724915	          -0.2575378
 1.009e+010	          -0.7416992	          -0.1742859	           0.1640015	          -0.5058289	           0.1642151	          -0.5056152	          -0.7722473	          -0.2568359
1.0111e+010	           -0.740509	          -0.1737366	           0.1637573	          -0.5061035	           0.1634827	          -0.5058899	          -0.7748108	          -0.2547607
1.0132e+010	          -0.7391663	          -0.1730347	           0.1626587	          -0.5064392	           0.1629333	          -0.5060425	          -0.7774353	          -0.2557983
1.0153e+010	          -0.7375488	          -0.1728516	           0.1624146	          -0.5066223	            0.162323	          -0.5063477	          -0.7774353	           -0.256134
1.0174e+010	          -0.7362366	          -0.1732788	           0.1619568	          -0.5069885	           0.1622009	          -0.5068359	          -0.7789917	           -0.254425
1.0195e+010	          -0.7352295	          -0.1736145	           0.1611023	          -0.5071716	           0.1613159	           -0.507019	          -0.7822266	           -0.254303
1.0216e+010	          -0.7341919	          -0.1736755	           0.1604309	          -0.5074463	           0.1607971	          -0.5069275	          -0.7824402	          -0.2548523
1.0237e+010	          -0.7330933	            -0.17453	           0.1598511	          -0.5077209	           0.1600647	          -0.5073242	          -0.7830811	           -0.252533
1.0258e+010	          -0.7324829	          -0.1758728	           0.1586914	          -0.5075378	           0.1592407	          -0.5073853	          -0.7859802	          -0.2514954
1.0279e+010	          -0.7314758	          -0.1767578	           0.1580811	          -0.5074463	           0.1583557	          -0.5072021	          -0.7862549	          -0.2520142
  1.03e+010	          -0.7308655	          -0.1776428	           0.1572266	          -0.5075684	           0.1579285	          -0.5073547	          -0.7853394	          -0.2499695
1.0321e+010	          -0.7306824	          -0.1791382	           0.1565857	          -0.5072632	           0.1569519	          -0.5071716	          -0.7869873	          -0.2477722
1.0342e+010	          -0.7303772	          -0.1816101	            0.156189	          -0.5071106	           0.1567993	          -0.5065918	          -0.7872925	          -0.2488708
1.0363e+010	          -0.7299805	          -0.1826782	           0.1561584	           -0.506958	           0.1563416	          -0.5068359	          -0.7849426	          -0.2480469
1.0384e+010	          -0.7304077	          -0.1837463	            0.155426	          -0.5071411	            0.156189	          -0.5069275	          -0.7854614	          -0.2451782
1.0405e+010	          -0.7306519	          -0.1851196	           0.1550903	          -0.5068054	           0.1553345	          -0.5066223	          -0.7857361	          -0.2450562
1.0426e+010	          -0.7310791	          -0.1861572	           0.1545715	          -0.5068054	           0.1552124	          -0.5068359	          -0.7827148	          -0.2452393
1.0447e+010	           -0.731781	          -0.1869507	           0.1542053	          -0.5071411	             0.15448	           -0.506958	          -0.7814636	          -0.2415161
1.0468e+010	          -0.7327576	          -0.1882935	           0.1534729	          -0.5068359	           0.1544495	          -0.5067139	          -0.7823792	          -0.2402649
1.0489e+010	           -0.733429	          -0.1890259	           0.1537476	          -0.5066223	           0.1539917	          -0.5067139	           -0.780426	          -0.2411499
 1.051e+010	          -0.7345581	          -0.1890869	           0.1528931	          -0.5072327	            0.153595	          -0.5067749	          -0.7778931	             -0.2388
1.0531e+010	          -0.7356567	          -0.1897278	           0.1528625	          -0.5068054	           0.1530151	          -0.5067749	          -0.7789612	          -0.2368469
1.0552e+010	           -0.736969	          -0.1904297	           0.1525574	          -0.5072327	           0.1534119	          -0.5067749	          -0.7780457	          -0.2384338
1.0573e+010	          -0.7371826	          -0.1895447	           0.1523132	          -0.5071716	           0.1524658	           -0.506958	          -0.7753296	          -0.2368469
1.0594e+010	          -0.7391052	          -0.1891479	           0.1514282	          -0.5072937	           0.1522217	          -0.5070496	          -0.7756042	          -0.2340393
1.0615e+010	          -0.7401123	          -0.1903687	            0.151123	           -0.507843	            0.151825	          -0.5075378	          -0.7770081	          -0.2345581
1.0636e+010	          -0.7396851	          -0.1893311	           0.1509705	          -0.5077515	           0.1517639	          -0.5078125	          -0.7744446	          -0.2349243
1.0657e+010	          -0.7401733	          -0.1881104	           0.1505432	           -0.507843	            0.151001	          -0.5075989	          -0.7745972	          -0.2320557
1.0678e+010	          -0.7420349	             -0.1875	           0.1495361	           -0.507843	           0.1505432	          -0.5077209	          -0.7771912	          -0.2322083
1.0699e+010	          -0.7419434	          -0.1876526	           0.1497803	          -0.5080261	           0.1501465	          -0.5079041	          -0.7765198	          -0.2331543
 1.072e+010	          -0.7425232	          -0.1863708	            0.149292	          -0.5084534	           0.1499939	          -0.5083008	          -0.7767334	           -0.231842
1.0741e+010	          -0.7431335	           -0.186554	           0.1488953	          -0.5080872	            0.149292	          -0.5082092	          -0.7801208	          -0.2305298
1.0762e+010	          -0.7435913	          -0.1862488	           0.1482239	          -0.5080872	           0.1492004	          -0.5082703	          -0.7807617	          -0.2321777
1.0783e+010	          -0.7433777	          -0.1853638	           0.1482544	          -0.5085449	           0.1487122	           -0.508667	          -0.7804565	          -0.2313232
1.0804e+010	          -0.7445679	          -0.1854248	            0.147583	          -0.5088501	           0.1482849	          -0.5087585	           -0.783844	          -0.2297058
1.0825e+010	          -0.7442932	          -0.1859436	           0.1474915	          -0.5088806	           0.1481018	          -0.5086365	          -0.7862854	          -0.2309265
1.0846e+010	          -0.7445679	          -0.1855164	           0.1467896	          -0.5090637	           0.1475525	          -0.5092163	          -0.7859497	          -0.2308044
1.0867e+010	          -0.7458191	          -0.1848145	           0.1462708	          -0.5093079	           0.1467285	          -0.5091248	          -0.7882996	          -0.2286377
1.0888e+010	          -0.7465515	          -0.1859741	           0.1454468	          -0.5092773	           0.1464539	          -0.5088806	          -0.7914429	            -0.22995
1.0909e+010	          -0.7461243	          -0.1868286	           0.1453857	          -0.5090637	           0.1459961	          -0.5092163	          -0.7913208	          -0.2308044
 1.093e+010	          -0.7468262	           -0.186676	           0.1444397	          -0.5091248	           0.1452942	          -0.5090637	          -0.7919006	          -0.2279358
1.0951e+010	          -0.7479248	          -0.1870117	           0.1438599	          -0.5091248	           0.1444092	          -0.5092163	          -0.7950134	          -0.2268982
1.0972e+010	          -0.7489014	          -0.1873779	           0.1433105	          -0.5094604	           0.1441956	          -0.5094299	          -0.7955322	          -0.2284546
1.0993e+010	          -0.7492981	          -0.1876221	           0.1429749	          -0.5090637	           0.1434326	          -0.5092163	          -0.7945251	          -0.2268982
1.1014e+010	          -0.7518616	          -0.1878052	           0.1424866	          -0.5085754	             0.14328	           -0.508606	          -0.7970886	           -0.225708
1.1035e+010	          -0.7524109	          -0.1892395	           0.1423645	          -0.5084839	           0.1430664	          -0.5084534	          -0.7980652	          -0.2263184
1.1056e+010	          -0.7535095	          -0.1885071	           0.1418762	          -0.5085449	           0.1424866	          -0.5087891	           -0.795929	          -0.2256165
1.1077e+010	          -0.7547913	          -0.1885681	           0.1417847	          -0.5086975	           0.1419983	           -0.508606	           -0.796875	          -0.2234497
1.1098e+010	          -0.7572632	          -0.1887512	            0.141449	          -0.5083618	           0.1422729	          -0.5085449	          -0.7980957	          -0.2242126
1.1119e+010	          -0.7579651	          -0.1882629	           0.1414795	          -0.5083923	           0.1418457	          -0.5083618	          -0.7961426	          -0.2240295
 1.114e+010	          -0.7601624	           -0.186615	           0.1403809	          -0.5083618	           0.1412354	          -0.5084839	          -0.7955627	            -0.22052
1.1161e+010	          -0.7622986	          -0.1871643	           0.1408081	          -0.5085754	           0.1409912	          -0.5087891	          -0.7971497	          -0.2194519
1.1182e+010	          -0.7632141	          -0.1870422	           0.1410217	          -0.5088501	           0.1416321	          -0.5090942	          -0.7957764	          -0.2210083
1.1203e+010	          -0.7643738	          -0.1855469	           0.1413879	          -0.5091553	           0.1419067	          -0.5090637	            -0.79422	          -0.2188721
1.1224e+010	          -0.7667236	          -0.1844177	           0.1407471	          -0.5090637	           0.1416016	          -0.5093079	          -0.7957153	          -0.2158813
1.1245e+010	          -0.7679138	            -0.18396	           0.1409607	           -0.509491	           0.1414185	           -0.509552	          -0.7957764	          -0.2166748
1.1266e+010	          -0.7694702	          -0.1822815	           0.1410217	          -0.5103149	            0.142334	          -0.5107727	          -0.7940979	          -0.2159424
1.1287e+010	          -0.7704773	          -0.1811218	           0.1416321	          -0.5106812	           0.1418152	          -0.5108032	          -0.7950745	          -0.2133179
1.1308e+010	          -0.7726135	          -0.1801453	            0.141571	          -0.5111389	           0.1425781	          -0.5110168	            -0.79599	          -0.2132263
1.1329e+010	          -0.7730408	          -0.1785278	            0.141449	          -0.5119629	           0.1422424	           -0.512146	          -0.7946472	          -0.2125854
 1.135e+010	          -0.7735596	          -0.1764832	           0.1412964	          -0.5128784	           0.1420593	          -0.5128174	          -0.7955017	          -0.2094421
1.1371e+010	          -0.7752075	          -0.1759338	           0.1414795	          -0.5136414	           0.1421204	          -0.5136108	          -0.7981262	          -0.2086792
1.1392e+010	          -0.7757874	            -0.17453	           0.1411133	          -0.5140686	           0.1420593	          -0.5142822	          -0.7977905	          -0.2084656
1.1413e+010	          -0.7766724	          -0.1721802	           0.1413269	          -0.5150757	           0.1414185	          -0.5150757	          -0.7975769	          -0.2050476
1.1434e+010	           -0.777771	          -0.1704102	           0.1395874	          -0.5155945	            0.140625	          -0.5158386	          -0.8002319	          -0.2020264
1.1455e+010	          -0.7781372	          -0.1699829	           0.1398315	          -0.5166016	           0.1400452	          -0.5166626	          -0.8023987	            -0.20224
1.1476e+010	           -0.778717	          -0.1682434	           0.1389465	           -0.517334	           0.1397705	          -0.5175781	          -0.8015137	          -0.1999207
1.1497e+010	          -0.7790527	          -0.1664734	           0.1383057	          -0.5175476	           0.1387939	          -0.5177002	          -0.8031616	          -0.1956787
1.1518e+010	          -0.7801208	          -0.1657104	           0.1368103	          -0.5187378	           0.1376038	          -0.5185242	          -0.8056641	          -0.1941833
1.1539e+010	          -0.7796936	           -0.164917	           0.1357117	          -0.5186768	           0.1361389	          -0.5187988	          -0.8052673	          -0.1936035
 1.156e+010	          -0.7806396	          -0.1628723	           0.1350708	          -0.5198059	           0.1357727	          -0.5199585	          -0.8061523	          -0.1899109
1.1581e+010	          -0.7814941	          -0.1620483	           0.1339417	          -0.5197754	           0.1343079	          -0.5198669	           -0.808197	             -0.1875
1.1602e+010	           -0.782074	          -0.1607666	           0.1322327	            -0.52005	           0.1330261	          -0.5203247	          -0.8077087	          -0.1867371
1.1623e+010	          -0.7822571	          -0.1590271	           0.1310425	          -0.5210571	           0.1314697	          -0.5209351	          -0.8074341	          -0.1838989
1.1644e+010	           -0.783844	            -0.15802	           0.1296387	          -0.5205688	           0.1306152	          -0.5211792	          -0.8096313	          -0.1820374
1.1665e+010	          -0.7846069	          -0.1578064	           0.1292725	          -0.5204468	           0.1297302	          -0.5205994	           -0.809906	          -0.1830444
1.1686e+010	          -0.7848206	          -0.1561584	           0.1281738	          -0.5202332	           0.1289673	          -0.5205383	          -0.8070984	          -0.1817322
1.1707e+010	          -0.7851563	          -0.1541748	           0.1270752	          -0.5205688	            0.127655	          -0.5208435	          -0.8079224	           -0.178894
1.1728e+010	           -0.786377	          -0.1530457	           0.1262512	          -0.5205994	           0.1271362	          -0.5209351	           -0.809021	          -0.1811829
1.1749e+010	          -0.7866211	          -0.1522522	           0.1265869	          -0.5205688	           0.1273804	           -0.520752	          -0.8068237	          -0.1827698
 1.177e+010	          -0.7871399	          -0.1500854	           0.1260681	          -0.5198364	           0.1268921	          -0.5200195	           -0.805481	          -0.1806641
1.1791e+010	          -0.7875061	          -0.1492615	           0.1256714	          -0.5195313	           0.1260986	          -0.5195618	          -0.8067932	           -0.180603
1.1812e+010	          -0.7874146	          -0.1483459	            0.124939	          -0.5203247	           0.1260986	          -0.5206604	          -0.8049622	          -0.1834412
1.1833e+010	          -0.7867126	          -0.1467285	           0.1255188	          -0.5208435	           0.1263733	          -0.5210266	          -0.8037415	           -0.183075
1.1854e+010	          -0.7877502	          -0.1454773	           0.1255798	          -0.5205688	            0.126709	          -0.5209351	          -0.8055115	          -0.1826477
1.1875e+010	          -0.7870483	          -0.1448669	           0.1256104	          -0.5203247	           0.1263123	          -0.5205383	          -0.8048401	          -0.1846619
1.1896e+010	          -0.7857361	          -0.1430664	            0.125061	          -0.5212708	           0.1259155	          -0.5216064	          -0.8016968	          -0.1839294
1.1917e+010	          -0.7857666	          -0.1412964	           0.1245422	           -0.522522	           0.1250916	          -0.5224304	          -0.8039856	          -0.1818237
1.1938e+010	          -0.7858582	          -0.1401978	               0.125	           -0.522522	           0.1257019	          -0.5227051	          -0.8050842	          -0.1849365
1.1959e+010	          -0.7849426	          -0.1393738	           0.1252441	           -0.522583	           0.1257019	          -0.5228271	          -0.8027039	          -0.1853638
 1.198e+010	          -0.7842712	          -0.1372375	           0.1235352	           -0.522522	           0.1243591	          -0.5230408	          -0.8019714	           -0.181366
1.2001e+010	          -0.7843323	          -0.1374512	           0.1228333	          -0.5235291	           0.1233826	          -0.5239868	          -0.8048401	          -0.1808167
1.2022e+010	          -0.7842102	          -0.1375122	           0.1227417	          -0.5245056	           0.1235962	          -0.5247192	          -0.8036194	           -0.183136
1.2043e+010	          -0.7834473	          -0.1362915	           0.1232605	           -0.524292	           0.1233521	           -0.524292	          -0.8021851	           -0.179718
1.2064e+010	          -0.7844849	           -0.135376	           0.1210022	          -0.5233459	           0.1219788	          -0.5236816	           -0.803894	          -0.1758728
1.2085e+010	          -0.7840881	          -0.1361694	           0.1200562	          -0.5238953	           0.1204834	          -0.5242004	          -0.8034668	          -0.1762695
1.2106e+010	          -0.7832947	           -0.136261	           0.1195068	          -0.5250244	           0.1203918	          -0.5254211	          -0.8019714	          -0.1750488
1.2127e+010	          -0.7843933	          -0.1354675	           0.1196899	          -0.5245972	           0.1200256	          -0.5249329	          -0.8040466	          -0.1716919
1.2148e+010	           -0.785614	          -0.1357117	           0.1190186	          -0.5236816	            0.119873	          -0.5237732	          -0.8042603	          -0.1718445
1.2169e+010	          -0.7845459	           -0.135437	            0.118042	          -0.5239868	           0.1186218	          -0.5240479	          -0.8009033	          -0.1704712
 1.219e+010	          -0.7852783	          -0.1340637	           0.1166077	          -0.5247803	           0.1175537	          -0.5251465	          -0.8018799	          -0.1677551
1.2211e+010	          -0.7876282	          -0.1338806	           0.1170349	          -0.5250549	           0.1174011	          -0.5253296	          -0.8051758	          -0.1687622
1.2232e+010	          -0.7880249	          -0.1333008	           0.1175232	          -0.5246887	           0.1182556	          -0.5250549	          -0.8027344	          -0.1698303
1.2253e+010	           -0.788269	          -0.1322021	           0.1167603	          -0.5240173	           0.1174011	          -0.5241699	           -0.800354	          -0.1656189
1.2274e+010	          -0.7897034	          -0.1322632	           0.1152039	          -0.5245972	           0.1161499	          -0.5248413	          -0.8035889	          -0.1644897
1.2295e+010	          -0.7901611	          -0.1329956	            0.115448	          -0.5263977	           0.1159973	          -0.5263367	          -0.8049011	          -0.1676636
1.2316e+010	          -0.7908325	          -0.1308899	           0.1166687	          -0.5267334	           0.1173706	          -0.5267944	           -0.803009	          -0.1670227
1.2337e+010	          -0.7923279	          -0.1291199	            0.116333	          -0.5254211	           0.1173096	          -0.5256958	          -0.8036499	          -0.1639404
1.2358e+010	          -0.7930908	          -0.1298523	           0.1149597	          -0.5257874	           0.1159973	          -0.5260925	           -0.803772	          -0.1655579
1.2379e+010	           -0.792511	          -0.1299744	           0.1145325	          -0.5283203	           0.1150208	          -0.5283813	          -0.8032837	          -0.1665955
  1.24e+010	          -0.7938843	          -0.1277466	           0.1148071	          -0.5296631	           0.1158447	           -0.530304	           -0.806427	           -0.164032
