! 
! FILENAME MUT_1mm_TG
# Hz S RI R 50
 8200000000	          -0.7793884	          -0.2577209	           0.1964569	          -0.4644318	           0.1972351	          -0.4647064	          -0.7542419	          -0.2727051
 8221000000	          -0.7792358	          -0.2563477	           0.1964264	          -0.4653168	           0.1971893	          -0.4656067	          -0.7535706	          -0.2729797
 8242000000	          -0.7792664	          -0.2555237	           0.1964417	          -0.4662933	           0.1971588	           -0.466629	          -0.7531128	           -0.273407
 8263000000	          -0.7789917	          -0.2542419	           0.1964417	          -0.4670715	           0.1971436	           -0.467453	          -0.7523804	          -0.2735901
 8284000000	          -0.7790527	          -0.2531433	           0.1963959	          -0.4678955	            0.197052	          -0.4682922	          -0.7518616	          -0.2739868
 8305000000	           -0.778717	          -0.2521057	           0.1962738	          -0.4686584	           0.1970215	          -0.4690552	          -0.7513733	           -0.274231
 8326000000	          -0.7788086	          -0.2511292	           0.1963043	          -0.4695129	            0.196991	          -0.4699402	           -0.750946	          -0.2746277
 8347000000	          -0.7785034	               -0.25	           0.1961975	          -0.4701843	           0.1968842	          -0.4706879	          -0.7505188	          -0.2747803
 8368000000	          -0.7785339	          -0.2490845	           0.1961823	          -0.4710541	           0.1968079	          -0.4715271	          -0.7502136	           -0.275177
 8389000000	          -0.7784424	          -0.2479858	           0.1961212	          -0.4717712	           0.1967773	          -0.4722443	          -0.7498474	          -0.2754822
 8410000000	          -0.7783813	          -0.2471008	           0.1960449	          -0.4724731	           0.1966858	          -0.4729919	          -0.7495422	          -0.2757874
 8431000000	          -0.7782288	          -0.2459412	           0.1959534	          -0.4731598	           0.1965485	          -0.4736938	          -0.7492981	           -0.276062
 8452000000	          -0.7781677	          -0.2450256	           0.1958466	           -0.473877	           0.1964569	          -0.4744415	           -0.749054	          -0.2763672
 8473000000	          -0.7780151	          -0.2440186	           0.1957245	           -0.474472	           0.1963196	          -0.4750366	          -0.7488403	          -0.2765503
 8494000000	          -0.7779846	          -0.2431335	           0.1956482	          -0.4752197	           0.1962433	          -0.4757843	          -0.7486877	          -0.2770081
 8515000000	          -0.7776794	          -0.2419739	           0.1955261	          -0.4758453	           0.1960449	          -0.4764252	          -0.7485046	          -0.2772522
 8536000000	          -0.7775879	          -0.2410889	           0.1953888	          -0.4765167	           0.1959229	          -0.4771118	          -0.7483826	          -0.2774658
 8557000000	          -0.7774353	          -0.2400818	           0.1952667	          -0.4771729	           0.1958008	          -0.4777832	          -0.7481995	          -0.2777405
 8578000000	          -0.7774048	          -0.2391663	           0.1951447	          -0.4778442	           0.1956482	          -0.4784851	          -0.7483215	          -0.2780762
 8599000000	          -0.7771912	          -0.2380371	           0.1950073	          -0.4784698	           0.1954651	           -0.479126	            -0.74823	          -0.2782288
 8620000000	          -0.7771606	          -0.2371521	           0.1948547	          -0.4791565	           0.1952972	          -0.4797668	            -0.74823	           -0.278595
 8641000000	          -0.7769165	           -0.236145	           0.1946716	          -0.4797211	           0.1951294	          -0.4803619	          -0.7482605	          -0.2787476
 8662000000	          -0.7767334	          -0.2351685	           0.1944885	          -0.4803467	            0.194931	           -0.480957	           -0.748291	          -0.2790527
 8683000000	          -0.7764587	          -0.2340698	           0.1942444	          -0.4809418	           0.1946411	          -0.4815826	          -0.7483215	          -0.2791748
 8704000000	          -0.7763062	          -0.2330933	           0.1940765	          -0.4815674	            0.194458	          -0.4822083	          -0.7483826	          -0.2794495
 8725000000	          -0.7761536	          -0.2321167	           0.1938782	          -0.4821777	           0.1942596	          -0.4828491	          -0.7485657	          -0.2796631
 8746000000	           -0.776001	          -0.2311096	           0.1936798	          -0.4827728	           0.1940002	          -0.4834747	          -0.7486877	          -0.2798462
 8767000000	          -0.7756653	          -0.2300415	           0.1934052	          -0.4833527	           0.1937256	          -0.4840546	          -0.7488098	          -0.2799683
 8788000000	          -0.7755127	          -0.2290649	           0.1931763	          -0.4839783	           0.1934967	          -0.4846649	          -0.7490234	          -0.2802124
 8809000000	           -0.775238	          -0.2280273	           0.1929169	          -0.4845276	           0.1931915	            -0.48526	          -0.7492371	          -0.2803345
 8830000000	          -0.7749939	          -0.2270508	            0.192627	          -0.4851074	           0.1929169	          -0.4858093	          -0.7493896	          -0.2804871
 8851000000	          -0.7747192	          -0.2260132	           0.1923981	          -0.4856873	           0.1925964	          -0.4864197	          -0.7496948	          -0.2806091
 8872000000	          -0.7744141	          -0.2249756	           0.1921234	          -0.4862671	           0.1923218	          -0.4869843	           -0.749939	          -0.2807617
 8893000000	          -0.7741699	          -0.2239685	           0.1918335	          -0.4868317	           0.1920319	          -0.4876099	          -0.7502441	          -0.2808838
 8914000000	          -0.7738342	          -0.2229614	           0.1915283	           -0.487381	           0.1916809	          -0.4881287	          -0.7505798	          -0.2809753
 8935000000	          -0.7734985	          -0.2218628	           0.1912079	          -0.4879456	           0.1913605	          -0.4886932	          -0.7509155	          -0.2810059
 8956000000	          -0.7731934	          -0.2208862	           0.1908722	          -0.4884796	            0.190979	           -0.489212	          -0.7512207	          -0.2810669
 8977000000	          -0.7728882	          -0.2198486	           0.1905365	          -0.4890137	           0.1906433	          -0.4897766	          -0.7516174	          -0.2811279
 8998000000	           -0.772522	          -0.2188416	           0.1902008	          -0.4895477	           0.1902771	          -0.4902954	          -0.7519836	           -0.281189
 9019000000	          -0.7721558	          -0.2177734	           0.1898499	          -0.4900818	           0.1898956	          -0.4908447	          -0.7523804	           -0.281189
 9040000000	          -0.7717285	          -0.2167358	           0.1894531	          -0.4905701	           0.1895142	          -0.4913177	          -0.7527466	           -0.281189
 9061000000	          -0.7713623	          -0.2157593	           0.1891022	          -0.4911041	           0.1891022	          -0.4918213	          -0.7531738	          -0.2811584
 9082000000	          -0.7709656	          -0.2147827	           0.1887207	          -0.4916229	           0.1887207	          -0.4923553	          -0.7536316	          -0.2810974
 9103000000	          -0.7704773	          -0.2137146	           0.1883087	          -0.4920807	           0.1882782	          -0.4928131	          -0.7540283	          -0.2810059
 9124000000	          -0.7701111	          -0.2127075	            0.187912	          -0.4925995	           0.1878662	          -0.4933167	          -0.7545166	          -0.2809448
 9145000000	          -0.7696533	           -0.211731	           0.1874847	          -0.4930573	            0.187439	          -0.4938049	          -0.7550049	          -0.2808228
 9166000000	          -0.7692261	          -0.2107544	            0.187088	          -0.4935608	           0.1869812	          -0.4942627	          -0.7554932	          -0.2807312
 9187000000	          -0.7687683	          -0.2097473	           0.1866608	          -0.4940338	           0.1865387	           -0.494751	          -0.7559814	          -0.2805481
 9208000000	            -0.76828	          -0.2088013	           0.1862488	          -0.4944916	           0.1860962	          -0.4951935	          -0.7564392	          -0.2803955
 9229000000	          -0.7677307	          -0.2078247	            0.185791	          -0.4949493	           0.1856079	           -0.495636	           -0.756958	          -0.2802124
 9250000000	          -0.7672424	          -0.2068787	            0.185318	          -0.4953766	           0.1851349	           -0.496048	          -0.7574463	          -0.2800293
 9271000000	          -0.7666931	          -0.2059021	           0.1848755	          -0.4958038	           0.1846619	          -0.4964752	          -0.7579651	          -0.2797546
 9292000000	          -0.7661743	          -0.2049866	           0.1844025	          -0.4962463	           0.1841583	          -0.4969025	          -0.7585144	          -0.2795105
 9313000000	           -0.765686	          -0.2040405	           0.1839294	          -0.4966736	           0.1837006	          -0.4973297	          -0.7590332	          -0.2792664
 9334000000	          -0.7651062	          -0.2031555	           0.1834564	          -0.4970703	           0.1831818	          -0.4977112	          -0.7595825	          -0.2789917
 9355000000	          -0.7645264	            -0.20224	           0.1829529	          -0.4974213	            0.182663	          -0.4980621	          -0.7601013	          -0.2786255
 9376000000	           -0.763916	           -0.201355	           0.1824646	          -0.4978485	           0.1821289	          -0.4984589	          -0.7606812	          -0.2783203
 9397000000	          -0.7633667	           -0.200531	           0.1819305	            -0.49823	           0.1816406	          -0.4988403	             -0.7612	          -0.2779541
 9418000000	          -0.7628174	           -0.199707	           0.1814423	          -0.4986115	           0.1811066	          -0.4991913	          -0.7617798	          -0.2776184
 9439000000	           -0.762146	           -0.198822	           0.1809235	          -0.4989624	           0.1805725	           -0.499527	          -0.7622681	          -0.2771606
 9460000000	          -0.7615967	          -0.1980286	           0.1804047	          -0.4993286	           0.1800385	          -0.4998627	          -0.7628174	          -0.2767639
 9481000000	          -0.7609863	          -0.1972351	           0.1799011	          -0.4996643	           0.1795044	          -0.5001831	          -0.7633972	          -0.2763062
 9502000000	           -0.760437	          -0.1964722	           0.1793823	                -0.5	           0.1789856	          -0.5005188	          -0.7639771	          -0.2759094
 9523000000	          -0.7597351	          -0.1956787	           0.1788025	          -0.5003052	           0.1784363	          -0.5007935	          -0.7644958	          -0.2754211
 9544000000	          -0.7590637	          -0.1949768	           0.1783142	          -0.5006104	            0.177887	          -0.5011292	          -0.7649841	          -0.2749329
 9565000000	          -0.7584229	          -0.1942444	           0.1777649	          -0.5009155	           0.1773376	          -0.5013733	          -0.7655029	           -0.274353
 9586000000	          -0.7578125	           -0.193573	           0.1772156	          -0.5012207	           0.1767883	          -0.5016785	          -0.7660828	          -0.2738647
 9607000000	          -0.7571716	          -0.1928711	           0.1766968	          -0.5014954	            0.176239	          -0.5019531	          -0.7666016	          -0.2732849
 9628000000	          -0.7565308	          -0.1922302	           0.1761475	            -0.50177	           0.1756592	          -0.5021973	          -0.7671204	          -0.2727356
 9649000000	          -0.7558899	          -0.1916199	           0.1755981	          -0.5020447	           0.1751099	          -0.5024414	          -0.7676392	          -0.2721558
 9670000000	          -0.7552795	          -0.1910095	           0.1750488	          -0.5022888	           0.1745605	          -0.5026855	           -0.768219	          -0.2715759
 9691000000	          -0.7546387	          -0.1903992	           0.1744995	           -0.502533	           0.1740112	          -0.5029297	          -0.7686768	          -0.2709351
 9712000000	          -0.7539978	          -0.1898499	           0.1739502	          -0.5028076	           0.1734314	          -0.5031433	          -0.7691956	          -0.2703247
 9733000000	           -0.753418	          -0.1893005	           0.1734009	          -0.5030212	           0.1729126	          -0.5033569	          -0.7697144	          -0.2696533
 9754000000	          -0.7528076	          -0.1888428	           0.1728516	          -0.5032654	           0.1723328	          -0.5035706	          -0.7702332	          -0.2690125
 9775000000	          -0.7521667	          -0.1882935	           0.1723022	          -0.5034485	           0.1717834	          -0.5037231	          -0.7706909	          -0.2683105
 9796000000	          -0.7515869	          -0.1878357	           0.1717224	          -0.5036621	           0.1712341	          -0.5039368	          -0.7712097	          -0.2676392
 9817000000	           -0.750946	          -0.1873779	           0.1711731	          -0.5038452	           0.1706848	          -0.5040894	           -0.771698	          -0.2669373
 9838000000	          -0.7503662	          -0.1869812	           0.1706238	          -0.5040283	           0.1701355	          -0.5042725	          -0.7721863	          -0.2662659
 9859000000	          -0.7497864	           -0.186554	           0.1700745	          -0.5042114	           0.1695862	           -0.504425	           -0.772583	          -0.2655334
 9880000000	          -0.7492371	          -0.1862183	           0.1695557	           -0.504364	           0.1690369	          -0.5045776	          -0.7730408	           -0.264801
 9901000000	          -0.7486877	          -0.1858521	           0.1690063	          -0.5045776	           0.1684875	          -0.5047607	          -0.7734985	          -0.2640686
 9922000000	          -0.7481079	          -0.1855469	            0.168457	          -0.5046997	           0.1679688	          -0.5048828	          -0.7739563	          -0.2633362
 9943000000	          -0.7475586	          -0.1852112	           0.1679077	          -0.5048523	           0.1674194	          -0.5050049	          -0.7743835	          -0.2625427
 9964000000	          -0.7470398	           -0.184967	           0.1673584	          -0.5050049	           0.1668701	           -0.505127	          -0.7747803	          -0.2618103
 9985000000	          -0.7465515	          -0.1846924	           0.1668396	           -0.505127	           0.1663513	           -0.505249	          -0.7752075	          -0.2609863
1.0006e+010	          -0.7460632	          -0.1844788	           0.1662903	          -0.5052795	           0.1658325	          -0.5053711	          -0.7756348	          -0.2602234
1.0027e+010	          -0.7456055	          -0.1842346	           0.1657715	          -0.5053711	           0.1652832	          -0.5054626	          -0.7760315	          -0.2593994
1.0048e+010	          -0.7451477	          -0.1840515	           0.1652222	          -0.5055237	           0.1647644	          -0.5055847	          -0.7763977	          -0.2586975
1.0069e+010	          -0.7446289	          -0.1838684	           0.1647034	          -0.5056152	           0.1642456	          -0.5056458	          -0.7767639	           -0.257843
 1.009e+010	          -0.7442627	          -0.1837158	           0.1641846	          -0.5057068	           0.1637573	          -0.5057678	          -0.7771912	          -0.2570496
1.0111e+010	          -0.7438354	          -0.1835938	           0.1636963	          -0.5057983	           0.1632385	          -0.5058289	          -0.7775269	          -0.2562256
1.0132e+010	          -0.7434998	          -0.1834412	           0.1631775	          -0.5059204	           0.1627502	          -0.5059509	          -0.7779541	          -0.2554321
1.0153e+010	          -0.7430725	          -0.1833496	           0.1626587	           -0.506012	           0.1622314	           -0.506012	          -0.7782898	          -0.2545776
1.0174e+010	          -0.7427673	          -0.1832886	           0.1621399	           -0.506073	           0.1617432	           -0.506073	          -0.7786255	          -0.2537842
1.0195e+010	          -0.7424622	           -0.183197	           0.1616516	          -0.5061646	           0.1612549	          -0.5061646	          -0.7789307	          -0.2529907
1.0216e+010	           -0.742157	          -0.1831665	           0.1611633	          -0.5062256	           0.1607971	          -0.5062256	          -0.7792664	          -0.2521667
1.0237e+010	          -0.7419434	           -0.183136	            0.160675	          -0.5063477	           0.1603088	          -0.5063171	          -0.7796326	          -0.2513428
1.0258e+010	          -0.7416382	           -0.183136	           0.1601868	          -0.5064087	           0.1598206	          -0.5063477	          -0.7799683	          -0.2505493
1.0279e+010	           -0.741394	           -0.183075	           0.1596985	          -0.5064697	           0.1593628	          -0.5064087	          -0.7802429	          -0.2497253
  1.03e+010	           -0.741272	          -0.1831055	           0.1592102	          -0.5065613	           0.1588745	          -0.5064697	          -0.7806396	          -0.2489319
1.0321e+010	          -0.7411499	           -0.183136	           0.1587524	          -0.5066223	           0.1584473	          -0.5065613	          -0.7809448	          -0.2481384
1.0342e+010	          -0.7409668	          -0.1831665	           0.1582947	          -0.5066833	           0.1579895	          -0.5065918	          -0.7812195	          -0.2473145
1.0363e+010	          -0.7408752	           -0.183197	           0.1578369	          -0.5067444	           0.1575012	          -0.5066833	          -0.7815552	          -0.2464905
1.0384e+010	          -0.7407837	           -0.183197	           0.1573486	          -0.5068054	            0.157074	          -0.5067139	          -0.7818298	          -0.2456665
1.0405e+010	          -0.7407227	          -0.1832581	           0.1568909	          -0.5068665	           0.1566467	          -0.5067749	           -0.782135	          -0.2448425
1.0426e+010	          -0.7406921	          -0.1833191	           0.1564636	           -0.506958	            0.156189	          -0.5068359	          -0.7824402	          -0.2440186
1.0447e+010	          -0.7407532	          -0.1833801	           0.1560364	          -0.5070496	           0.1557617	          -0.5069275	          -0.7828064	          -0.2432251
1.0468e+010	          -0.7407837	          -0.1834412	           0.1555786	          -0.5070801	            0.155365	          -0.5069885	          -0.7831116	          -0.2424316
1.0489e+010	          -0.7408447	          -0.1835022	           0.1551208	          -0.5071411	           0.1549377	          -0.5070496	          -0.7833557	          -0.2416077
 1.051e+010	          -0.7409363	          -0.1835632	           0.1547241	          -0.5072021	           0.1545105	          -0.5070801	          -0.7836914	          -0.2407837
1.0531e+010	          -0.7410583	          -0.1836243	           0.1542664	          -0.5072632	           0.1541138	          -0.5071411	          -0.7839661	          -0.2399597
1.0552e+010	          -0.7412109	          -0.1837463	           0.1538696	          -0.5073547	           0.1536865	          -0.5072327	          -0.7842407	          -0.2391663
1.0573e+010	          -0.7413635	          -0.1838074	           0.1534424	          -0.5074158	           0.1532898	          -0.5072937	          -0.7845154	          -0.2383423
1.0594e+010	          -0.7415771	          -0.1838684	           0.1530457	          -0.5075073	           0.1528931	          -0.5073547	          -0.7848511	          -0.2375488
1.0615e+010	          -0.7417908	          -0.1838989	           0.1526184	          -0.5075378	           0.1524963	          -0.5074158	          -0.7851257	          -0.2367554
1.0636e+010	          -0.7421265	          -0.1839905	           0.1522217	          -0.5076599	           0.1520996	          -0.5075378	          -0.7854309	          -0.2359924
1.0657e+010	          -0.7424011	           -0.184021	           0.1517944	          -0.5077209	           0.1517029	          -0.5076294	          -0.7857056	          -0.2351685
1.0678e+010	          -0.7427063	          -0.1840515	           0.1513977	           -0.507782	           0.1513367	          -0.5076599	          -0.7860413	           -0.234375
1.0699e+010	          -0.7430725	          -0.1841125	            0.151001	          -0.5078735	           0.1509399	           -0.507782	          -0.7863159	          -0.2335815
 1.072e+010	          -0.7434387	          -0.1841431	           0.1506042	          -0.5079651	           0.1505432	           -0.507843	          -0.7865906	          -0.2327881
1.0741e+010	           -0.743866	          -0.1841431	           0.1502075	          -0.5080566	            0.150177	          -0.5079651	          -0.7869568	          -0.2319946
1.0762e+010	          -0.7442627	          -0.1841736	           0.1498413	          -0.5081482	           0.1498108	          -0.5080566	           -0.787262	          -0.2312012
1.0783e+010	          -0.7447205	          -0.1841431	           0.1494446	          -0.5082703	           0.1494141	          -0.5081482	          -0.7875671	          -0.2304077
1.0804e+010	          -0.7452698	          -0.1841431	           0.1490784	          -0.5083618	           0.1490479	          -0.5082703	          -0.7879028	          -0.2296448
1.0825e+010	          -0.7457275	          -0.1841431	           0.1487122	          -0.5084534	           0.1486816	          -0.5083923	           -0.788208	          -0.2288208
1.0846e+010	          -0.7462463	          -0.1840515	           0.1483154	          -0.5085754	           0.1483154	          -0.5084839	          -0.7884827	          -0.2280273
1.0867e+010	          -0.7468262	           -0.184021	           0.1479187	          -0.5086975	           0.1479797	           -0.508606	          -0.7888794	          -0.2272644
1.0888e+010	          -0.7473755	            -0.18396	            0.147583	          -0.5088196	            0.147583	          -0.5087585	          -0.7891541	          -0.2265015
1.0909e+010	          -0.7479553	          -0.1838379	           0.1472168	          -0.5089417	           0.1472168	          -0.5088806	          -0.7894287	          -0.2256775
 1.093e+010	          -0.7485657	          -0.1837769	           0.1468201	          -0.5090637	           0.1468506	          -0.5090027	          -0.7897644	          -0.2249146
1.0951e+010	          -0.7492371	          -0.1836243	           0.1464844	          -0.5092163	           0.1465149	          -0.5091553	          -0.7901001	          -0.2240906
1.0972e+010	          -0.7498779	          -0.1835022	           0.1461182	          -0.5093079	           0.1461487	          -0.5093079	          -0.7904358	          -0.2233276
1.0993e+010	          -0.7505188	          -0.1833191	           0.1457214	          -0.5094604	           0.1457825	          -0.5094299	          -0.7907715	          -0.2225037
1.1014e+010	          -0.7511902	          -0.1831665	           0.1453857	           -0.509613	           0.1454163	          -0.5095825	          -0.7911377	          -0.2217102
1.1035e+010	          -0.7519531	          -0.1829529	            0.144989	          -0.5097656	             0.14505	          -0.5097351	          -0.7914734	          -0.2208862
1.1056e+010	           -0.752655	          -0.1827698	           0.1446533	          -0.5099182	           0.1447144	          -0.5099182	          -0.7918396	          -0.2201233
1.1077e+010	          -0.7533875	          -0.1825256	           0.1442871	          -0.5100708	           0.1443481	          -0.5100708	          -0.7921753	          -0.2192993
1.1098e+010	          -0.7541199	          -0.1822205	           0.1439209	          -0.5102234	           0.1440125	          -0.5102539	          -0.7925415	          -0.2185059
1.1119e+010	          -0.7548828	          -0.1819458	           0.1435547	          -0.5104065	           0.1436462	           -0.510437	          -0.7928772	          -0.2176819
 1.114e+010	          -0.7557068	          -0.1816406	           0.1431885	          -0.5105591	             0.14328	          -0.5106201	          -0.7932129	          -0.2168579
1.1161e+010	          -0.7564697	          -0.1813049	           0.1428223	          -0.5107727	           0.1429443	          -0.5108032	          -0.7935486	          -0.2160339
1.1182e+010	          -0.7573242	          -0.1809692	           0.1424866	          -0.5109558	           0.1425781	          -0.5110168	          -0.7939758	           -0.215271
1.1203e+010	          -0.7580872	          -0.1805725	           0.1420898	          -0.5111389	           0.1422119	             -0.5112	           -0.794281	          -0.2144165
1.1224e+010	          -0.7589111	          -0.1802063	           0.1417542	          -0.5113525	           0.1418457	          -0.5114136	          -0.7946472	          -0.2135925
1.1245e+010	          -0.7597351	          -0.1797791	           0.1413879	          -0.5115356	           0.1414795	          -0.5115967	          -0.7949829	          -0.2127686
1.1266e+010	          -0.7605591	          -0.1793213	           0.1409912	          -0.5117188	           0.1411438	          -0.5118103	          -0.7953796	          -0.2119141
1.1287e+010	          -0.7613831	           -0.178894	           0.1406555	          -0.5119629	           0.1407471	          -0.5120544	          -0.7957458	          -0.2111206
1.1308e+010	          -0.7622681	          -0.1783752	           0.1403198	          -0.5121765	           0.1403809	          -0.5122681	          -0.7961121	          -0.2102966
1.1329e+010	          -0.7630615	           -0.177887	           0.1399231	          -0.5123596	           0.1400146	          -0.5124817	          -0.7964478	          -0.2094116
 1.135e+010	           -0.763855	          -0.1773682	           0.1395264	          -0.5125732	           0.1396484	          -0.5127258	          -0.7967834	          -0.2085876
1.1371e+010	            -0.76474	          -0.1768188	           0.1391602	          -0.5128174	           0.1392822	          -0.5129395	          -0.7971497	          -0.2077332
1.1392e+010	          -0.7655945	          -0.1762695	           0.1387939	          -0.5130615	            0.138916	          -0.5131836	          -0.7975159	          -0.2068787
1.1413e+010	           -0.766449	          -0.1756592	           0.1384583	          -0.5133057	           0.1385193	          -0.5134277	          -0.7978821	          -0.2060242
1.1434e+010	          -0.7672729	          -0.1750183	           0.1380615	          -0.5134888	           0.1381836	          -0.5136719	          -0.7982178	          -0.2052002
1.1455e+010	          -0.7680969	          -0.1744385	           0.1376953	          -0.5137329	           0.1377869	           -0.513916	           -0.798584	          -0.2043152
1.1476e+010	          -0.7689514	          -0.1737671	           0.1373291	          -0.5140076	           0.1374207	          -0.5141602	          -0.7989502	          -0.2034607
1.1497e+010	          -0.7697144	          -0.1730957	           0.1369324	          -0.5142517	           0.1370544	          -0.5144348	          -0.7992859	          -0.2025757
1.1518e+010	          -0.7705688	          -0.1724243	           0.1365662	          -0.5144958	           0.1366577	          -0.5146484	          -0.7996216	          -0.2016907
1.1539e+010	          -0.7714233	          -0.1716919	           0.1361694	            -0.51474	           0.1362915	          -0.5149536	          -0.7999573	          -0.2008362
 1.156e+010	          -0.7721863	          -0.1709595	           0.1358032	          -0.5149841	           0.1358643	          -0.5151978	           -0.800293	          -0.1999512
1.1581e+010	          -0.7730408	          -0.1701965	           0.1354065	          -0.5152893	            0.135498	          -0.5154724	          -0.8006592	          -0.1990662
1.1602e+010	          -0.7737732	          -0.1694336	           0.1350098	          -0.5155029	           0.1351013	          -0.5157471	          -0.8009644	          -0.1981812
1.1623e+010	          -0.7745667	          -0.1686707	            0.134613	          -0.5157776	           0.1347046	          -0.5160217	          -0.8012695	          -0.1973267
1.1644e+010	          -0.7753906	          -0.1678772	           0.1342163	          -0.5160522	           0.1343079	          -0.5162964	          -0.8016357	          -0.1964417
1.1665e+010	          -0.7760925	          -0.1670227	           0.1338196	          -0.5162964	           0.1338806	           -0.516571	          -0.8019104	          -0.1955566
1.1686e+010	           -0.776825	          -0.1661682	           0.1334534	           -0.516571	           0.1334839	          -0.5168457	          -0.8022156	          -0.1946411
1.1707e+010	          -0.7776794	          -0.1653748	           0.1330261	          -0.5169067	           0.1330872	          -0.5171509	          -0.8025818	          -0.1937561
1.1728e+010	          -0.7783813	          -0.1645203	           0.1326599	          -0.5171509	           0.1327209	          -0.5174255	           -0.802887	          -0.1929016
1.1749e+010	          -0.7790833	          -0.1635742	           0.1322021	           -0.517395	           0.1322937	          -0.5176697	          -0.8031616	          -0.1919861
 1.177e+010	          -0.7797546	          -0.1627502	           0.1318054	          -0.5176697	            0.131897	          -0.5179443	          -0.8034363	          -0.1910706
1.1791e+010	          -0.7805176	          -0.1618652	           0.1314087	          -0.5180054	           0.1314697	          -0.5182495	           -0.803772	          -0.1901855
1.1812e+010	          -0.7812195	          -0.1608582	            0.131012	            -0.51828	           0.1310425	          -0.5185242	          -0.8040771	            -0.18927
1.1833e+010	          -0.7818909	          -0.1600037	           0.1305847	          -0.5185547	           0.1306152	          -0.5188599	          -0.8043213	          -0.1883545
1.1854e+010	          -0.7825317	          -0.1590576	            0.130188	          -0.5188293	            0.130188	          -0.5191345	           -0.804657	           -0.187439
1.1875e+010	          -0.7831726	          -0.1580811	           0.1296997	           -0.519104	           0.1297607	          -0.5193787	          -0.8048706	          -0.1865234
1.1896e+010	           -0.783783	           -0.157196	            0.129303	          -0.5193787	           0.1293335	          -0.5196838	          -0.8050232	          -0.1856384
1.1917e+010	          -0.7844238	          -0.1561584	           0.1288757	          -0.5196533	           0.1289368	          -0.5199585	          -0.8053284	          -0.1847534
1.1938e+010	          -0.7850037	          -0.1551208	           0.1284485	           -0.519928	            0.128479	          -0.5202026	          -0.8055725	          -0.1838074
1.1959e+010	          -0.7856445	          -0.1541443	           0.1279907	          -0.5202637	           0.1280212	          -0.5205688	          -0.8058472	          -0.1829834
 1.198e+010	          -0.7862549	          -0.1531677	           0.1276245	          -0.5205383	           0.1276245	          -0.5208435	          -0.8061218	          -0.1820068
1.2001e+010	          -0.7868347	          -0.1521301	           0.1271057	          -0.5208435	           0.1271667	          -0.5212097	          -0.8063049	          -0.1810913
1.2022e+010	           -0.787323	           -0.151123	           0.1266479	          -0.5210876	           0.1266785	          -0.5214539	          -0.8065796	          -0.1802063
1.2043e+010	          -0.7879028	          -0.1500549	           0.1261597	          -0.5213928	           0.1262207	           -0.521759	          -0.8067017	          -0.1792908
1.2064e+010	          -0.7885132	          -0.1490173	           0.1257324	          -0.5217285	           0.1257629	          -0.5220337	          -0.8069458	          -0.1784058
1.2085e+010	          -0.7890015	          -0.1478882	           0.1252441	          -0.5220032	           0.1252747	          -0.5223694	          -0.8071289	          -0.1774292
1.2106e+010	          -0.7894287	          -0.1467896	           0.1247864	          -0.5223083	           0.1247864	           -0.522644	           -0.807373	          -0.1765442
1.2127e+010	          -0.7900085	          -0.1457825	           0.1242371	          -0.5226135	           0.1243286	          -0.5229492	          -0.8075562	          -0.1756287
1.2148e+010	          -0.7905579	          -0.1446838	           0.1238403	          -0.5229187	           0.1237793	          -0.5232849	          -0.8076782	          -0.1747131
1.2169e+010	          -0.7910461	          -0.1433716	           0.1233521	          -0.5232544	           0.1233215	          -0.5235901	          -0.8079224	          -0.1736755
 1.219e+010	          -0.7914734	          -0.1423645	           0.1228333	          -0.5235596	           0.1228333	          -0.5239868	           -0.808197	          -0.1726685
1.2211e+010	          -0.7919617	          -0.1412048	           0.1221924	          -0.5238953	           0.1222839	          -0.5242615	          -0.8082886	          -0.1718445
1.2232e+010	          -0.7923584	          -0.1399841	           0.1217651	          -0.5241394	           0.1217346	          -0.5244751	          -0.8083496	          -0.1707764
1.2253e+010	          -0.7928162	          -0.1387634	           0.1212158	          -0.5245056	           0.1211853	          -0.5248108	          -0.8085632	          -0.1698914
1.2274e+010	          -0.7932434	          -0.1375122	           0.1206665	          -0.5247498	           0.1206055	          -0.5251465	          -0.8087463	          -0.1688232
1.2295e+010	          -0.7937622	           -0.136261	           0.1200562	          -0.5251465	           0.1200562	          -0.5255127	          -0.8088684	          -0.1678467
1.2316e+010	          -0.7940979	          -0.1350098	           0.1195068	          -0.5254517	           0.1194458	          -0.5257874	          -0.8089905	           -0.166748
1.2337e+010	          -0.7946472	          -0.1337585	           0.1188965	          -0.5259094	            0.118866	          -0.5262451	           -0.809082	          -0.1656799
1.2358e+010	           -0.795105	          -0.1324463	           0.1182556	          -0.5262146	           0.1181946	          -0.5267029	          -0.8095093	          -0.1645203
1.2379e+010	          -0.7955322	          -0.1309509	           0.1174622	          -0.5265503	           0.1175232	          -0.5269165	          -0.8093262	          -0.1634827
  1.24e+010	           -0.796051	          -0.1295471	           0.1169128	          -0.5268555	           0.1168518	          -0.5273132	          -0.8095703	          -0.1622925
