! 
! FILENAME MUT_5mm
# Hz S RI R 50
 8200000000	          -0.4008789	           0.1641388	          -0.5871887	          -0.1890259	          -0.5870056	          -0.1894836	          -0.3347473	           0.1701508
 8221000000	          -0.3960114	           0.1570892	          -0.5923462	          -0.1806335	           -0.592041	          -0.1810303	          -0.3293762	           0.1612854
 8242000000	          -0.3905334	           0.1486969	          -0.5975037	          -0.1710815	          -0.5976868	          -0.1716003	          -0.3228302	           0.1524658
 8263000000	          -0.3860474	           0.1414948	          -0.6021729	          -0.1625366	           -0.602356	          -0.1630554	          -0.3181305	           0.1447296
 8284000000	           -0.381485	           0.1328735	          -0.6067505	          -0.1525879	          -0.6069336	          -0.1530762	           -0.313446	           0.1348572
 8305000000	          -0.3773346	           0.1249695	          -0.6107483	          -0.1434937	          -0.6112366	          -0.1441345	          -0.3083954	           0.1261139
 8326000000	          -0.3730316	            0.116745	          -0.6150818	          -0.1334534	          -0.6150513	          -0.1339111	          -0.3040924	           0.1177979
 8347000000	          -0.3699341	           0.1091919	          -0.6182556	          -0.1242065	          -0.6183167	          -0.1248169	          -0.3011322	           0.1088867
 8368000000	           -0.366745	           0.1004791	          -0.6216431	          -0.1141052	          -0.6223145	          -0.1143799	          -0.2967377	           0.0992432
 8389000000	           -0.363678	           0.0929871	          -0.6244812	           -0.104248	          -0.6248169	          -0.1049194	          -0.2936554	            0.091568
 8410000000	           -0.361145	           0.0842285	          -0.6273499	          -0.0940552	          -0.6273804	          -0.0946045	          -0.2916107	           0.0819397
 8431000000	          -0.3584137	           0.0761414	          -0.6295776	          -0.0845337	          -0.6299744	          -0.0848999	          -0.2888641	           0.0724792
 8452000000	           -0.355896	           0.0680542	          -0.6318359	           -0.073761	          -0.6321411	          -0.0742798	          -0.2865601	           0.0638428
 8473000000	          -0.3539734	           0.0604553	          -0.6336365	          -0.0645142	          -0.6337585	          -0.0649719	          -0.2857819	           0.0550995
 8494000000	          -0.3524017	           0.0516815	          -0.6351013	          -0.0540466	          -0.6354675	          -0.0544128	          -0.2838593	           0.0446777
 8515000000	          -0.3506012	           0.0437927	          -0.6360168	           -0.044281	          -0.6365051	          -0.0448303	          -0.2822571	           0.0363159
 8536000000	          -0.3493652	           0.0358124	           -0.637146	          -0.0339355	          -0.6376648	          -0.0345154	          -0.2824402	           0.0271759
 8557000000	          -0.3484344	           0.0279236	          -0.6377869	          -0.0249023	           -0.638031	          -0.0252075	          -0.2824707	           0.0175629
 8578000000	          -0.3475647	           0.0193329	          -0.6383362	          -0.0143433	          -0.6383362	          -0.0148621	          -0.2813416	           0.0078735
 8599000000	          -0.3468933	           0.0114746	          -0.6382446	          -0.0050354	          -0.6387329	          -0.0057678	          -0.2818298	          -0.0005188
 8620000000	          -0.3469391	           0.0028534	          -0.6383057	           0.0048218	          -0.6385498	            0.004364	           -0.282959	          -0.0109406
 8641000000	          -0.3466339	          -0.0049744	          -0.6379089	           0.0137939	          -0.6384888	           0.0134888	          -0.2829742	          -0.0198975
 8662000000	          -0.3473053	          -0.0129852	           -0.637085	           0.0238037	          -0.6376038	           0.0234985	          -0.2837067	          -0.0285492
 8683000000	          -0.3482666	          -0.0209656	           -0.636261	           0.0326233	          -0.6366882	           0.0322266	          -0.2851715	          -0.0378418
 8704000000	          -0.3491669	          -0.0297852	           -0.635376	           0.0426025	          -0.6358032	           0.0422058	          -0.2855988	           -0.047699
 8725000000	          -0.3500366	          -0.0370483	          -0.6341248	           0.0513306	          -0.6347656	           0.0509949	          -0.2867584	          -0.0553741
 8746000000	          -0.3516998	          -0.0448914	          -0.6324768	            0.060791	           -0.632782	           0.0605774	          -0.2891235	          -0.0644226
 8767000000	          -0.3535156	          -0.0520325	          -0.6307068	           0.0695801	          -0.6314392	           0.0692444	          -0.2902069	          -0.0733643
 8788000000	          -0.3557587	          -0.0596161	          -0.6286011	           0.0792236	          -0.6290283	           0.0785828	          -0.2911072	          -0.0814362
 8809000000	          -0.3579254	          -0.0663757	          -0.6264038	           0.0877991	          -0.6268311	           0.0873718	          -0.2935028	          -0.0884705
 8830000000	          -0.3599548	          -0.0737152	          -0.6238403	           0.0971985	          -0.6241455	           0.0969238	          -0.2958984	          -0.0970764
 8851000000	          -0.3616791	           -0.079895	          -0.6210327	           0.1054077	          -0.6217957	           0.1052551	          -0.2973938	          -0.1037292
 8872000000	           -0.364502	          -0.0860443	           -0.617981	           0.1146851	          -0.6184082	           0.1144104	          -0.3000336	          -0.1103973
 8893000000	          -0.3670807	          -0.0921326	           -0.614563	           0.1227112	          -0.6152954	           0.1226196	          -0.3029327	          -0.1172333
 8914000000	          -0.3698273	          -0.0986481	          -0.6110535	           0.1316528	          -0.6114502	           0.1311035	          -0.3049316	          -0.1240387
 8935000000	          -0.3720856	          -0.1043549	          -0.6074829	           0.1392822	          -0.6080322	           0.1391907	          -0.3079529	          -0.1290436
 8956000000	          -0.3748322	          -0.1108398	          -0.6029968	           0.1473694	          -0.6037598	           0.1473694	          -0.3120117	           -0.135376
 8977000000	          -0.3772278	          -0.1168671	          -0.5993958	           0.1546631	          -0.5998535	           0.1545105	          -0.3144836	          -0.1410522
 8998000000	          -0.3799438	          -0.1224365	          -0.5950928	            0.162323	          -0.5953369	           0.1621094	          -0.3176575	          -0.1457825
 9019000000	           -0.383194	          -0.1281738	          -0.5907288	           0.1687012	          -0.5913696	           0.1687927	          -0.3217621	          -0.1504822
 9040000000	          -0.3864899	          -0.1346283	          -0.5862732	           0.1758118	          -0.5867615	           0.1755066	           -0.325531	           -0.156601
 9061000000	          -0.3894196	          -0.1403961	          -0.5820007	           0.1820374	          -0.5826111	           0.1817932	          -0.3288116	          -0.1607056
 9082000000	          -0.3929443	          -0.1460419	          -0.5774841	           0.1878967	          -0.5780029	           0.1878357	          -0.3339386	          -0.1652527
 9103000000	          -0.3968964	          -0.1513062	          -0.5736389	           0.1934814	          -0.5743103	            0.193512	          -0.3384247	          -0.1708679
 9124000000	          -0.4013824	          -0.1565094	          -0.5691833	           0.1993408	          -0.5695496	           0.1993103	          -0.3421326	          -0.1758423
 9145000000	          -0.4058228	          -0.1611938	          -0.5652161	           0.2044983	          -0.5657043	           0.2043457	          -0.3469238	           -0.180069
 9166000000	           -0.410614	          -0.1663208	          -0.5610046	           0.2102966	          -0.5615845	           0.2103882	          -0.3528442	          -0.1861877
 9187000000	          -0.4147339	          -0.1705322	           -0.557312	           0.2151489	          -0.5579834	           0.2151489	          -0.3569641	          -0.1912842
 9208000000	           -0.419342	          -0.1741943	          -0.5534058	           0.2213745	          -0.5536194	            0.221344	          -0.3629608	           -0.195694
 9229000000	           -0.424118	          -0.1773987	           -0.549469	           0.2260132	          -0.5500183	           0.2261353	           -0.369278	          -0.2007141
 9250000000	          -0.4289856	          -0.1809082	          -0.5450439	           0.2324219	          -0.5454407	           0.2323303	          -0.3744354	          -0.2068939
 9271000000	          -0.4331665	          -0.1839294	          -0.5412292	            0.237793	          -0.5415344	           0.2377625	          -0.3797302	          -0.2108307
 9292000000	          -0.4372101	          -0.1871796	          -0.5361938	           0.2436523	          -0.5367126	           0.2437744	          -0.3871307	          -0.2153473
 9313000000	          -0.4412079	          -0.1902771	          -0.5316467	           0.2487793	          -0.5322571	           0.2489319	          -0.3925781	           -0.220459
 9334000000	          -0.4451599	          -0.1933594	           -0.526825	           0.2549133	          -0.5270386	           0.2546692	          -0.3982697	          -0.2245483
 9355000000	          -0.4486389	          -0.1960602	          -0.5216675	           0.2594299	          -0.5222168	           0.2595215	          -0.4047852	          -0.2279816
 9376000000	          -0.4533386	          -0.1996613	          -0.5163574	           0.2643738	          -0.5167236	            0.264679	          -0.4109192	          -0.2332458
 9397000000	           -0.457077	          -0.2032318	          -0.5114136	           0.2687073	          -0.5119324	           0.2688904	          -0.4154663	          -0.2372894
 9418000000	          -0.4613495	          -0.2062683	          -0.5057373	           0.2732544	           -0.506134	           0.2732544	          -0.4212646	          -0.2404633
 9439000000	          -0.4663239	          -0.2093658	           -0.500946	           0.2767334	          -0.5013428	           0.2772217	          -0.4266052	           -0.245285
 9460000000	          -0.4707336	          -0.2122803	          -0.4958191	           0.2803497	           -0.496109	           0.2802429	          -0.4307098	          -0.2499695
 9481000000	          -0.4752045	          -0.2148743	          -0.4913788	           0.2839508	          -0.4918213	           0.2841339	          -0.4345551	          -0.2527466
 9502000000	          -0.4808502	          -0.2178192	          -0.4868317	            0.287323	          -0.4870911	           0.2875214	          -0.4400635	          -0.2574158
 9523000000	          -0.4856415	          -0.2200165	          -0.4827576	           0.2903137	          -0.4832611	           0.2904358	           -0.443512	          -0.2621918
 9544000000	          -0.4905701	          -0.2222748	          -0.4784698	           0.2937469	          -0.4786072	           0.2937775	          -0.4473267	          -0.2649536
 9565000000	          -0.4951477	          -0.2236481	          -0.4743347	            0.296814	          -0.4748688	           0.2970886	          -0.4524536	          -0.2679291
 9586000000	          -0.5007629	          -0.2254639	          -0.4702454	           0.3005981	          -0.4707642	           0.3009186	          -0.4568024	          -0.2725372
 9607000000	          -0.5053406	          -0.2267761	          -0.4666748	           0.3039398	          -0.4668121	           0.3041992	          -0.4598694	          -0.2749939
 9628000000	          -0.5100098	          -0.2281494	          -0.4623566	            0.307312	          -0.4626465	           0.3074036	          -0.4648285	          -0.2768707
 9649000000	          -0.5144348	          -0.2290039	          -0.4583435	           0.3107605	          -0.4586945	           0.3111725	          -0.4698181	          -0.2797394
 9670000000	          -0.5188293	          -0.2300415	           -0.453949	           0.3148346	          -0.4540253	           0.3148346	          -0.4734955	          -0.2814331
 9691000000	          -0.5223389	          -0.2305603	          -0.4497833	              0.3181	          -0.4498138	           0.3182831	          -0.4779816	          -0.2811279
 9712000000	          -0.5267944	          -0.2311401	          -0.4448853	           0.3217163	          -0.4450531	           0.3219299	          -0.4836121	          -0.2825775
 9733000000	          -0.5307312	          -0.2317505	          -0.4399414	           0.3249359	          -0.4401703	           0.3251343	          -0.4873352	          -0.2829132
 9754000000	          -0.5348816	          -0.2325745	          -0.4347687	           0.3284149	          -0.4349823	           0.3285828	          -0.4921417	          -0.2814484
 9775000000	          -0.5385132	          -0.2333374	          -0.4298401	           0.3313141	          -0.4299622	           0.3315887	          -0.4976807	          -0.2804413
 9796000000	          -0.5422668	          -0.2342529	          -0.4244995	           0.3342285	          -0.4246826	           0.3343048	          -0.5021667	          -0.2802429
 9817000000	          -0.5456238	          -0.2348633	          -0.4198761	            0.336792	          -0.4199524	           0.3371124	           -0.506134	          -0.2781982
 9838000000	          -0.5498047	          -0.2353821	          -0.4141235	            0.339035	           -0.414093	           0.3390045	          -0.5119019	          -0.2761536
 9859000000	          -0.5537109	          -0.2358093	          -0.4093475	           0.3415375	          -0.4095917	           0.3415375	          -0.5164185	          -0.2758789
 9880000000	          -0.5576782	          -0.2367249	          -0.4044189	           0.3435516	          -0.4044647	           0.3434601	          -0.5203247	          -0.2743225
 9901000000	          -0.5610657	          -0.2372131	          -0.3998718	           0.3451691	          -0.3999176	           0.3453064	          -0.5255737	          -0.2721863
 9922000000	          -0.5654297	          -0.2374268	          -0.3946381	           0.3468018	          -0.3948669	           0.3468933	          -0.5311584	          -0.2720337
 9943000000	          -0.5692444	          -0.2373657	          -0.3901062	            0.348465	          -0.3902435	           0.3486328	           -0.534729	          -0.2712097
 9964000000	          -0.5731506	          -0.2377625	          -0.3858032	           0.3500061	          -0.3857422	           0.3498688	          -0.5397339	          -0.2695618
 9985000000	          -0.5774231	          -0.2376404	          -0.3817749	           0.3512726	          -0.3817749	           0.3516693	          -0.5453186	          -0.2698669
1.0006e+010	          -0.5812378	            -0.23703	           -0.377243	           0.3526001	          -0.3772125	            0.352478	          -0.5491638	          -0.2705078
1.0027e+010	          -0.5849304	          -0.2365112	          -0.3731689	           0.3537903	          -0.3731537	           0.3540039	          -0.5532227	           -0.269928
1.0048e+010	           -0.588562	          -0.2360535	          -0.3689575	           0.3551178	          -0.3688202	           0.3551178	           -0.559082	           -0.269989
1.0069e+010	          -0.5919495	          -0.2353821	          -0.3653564	           0.3563843	           -0.365509	           0.3566437	          -0.5632935	          -0.2715149
 1.009e+010	          -0.5959473	          -0.2344055	           -0.361496	           0.3578339	          -0.3614655	            0.357605	          -0.5669556	           -0.271698
1.0111e+010	           -0.598999	          -0.2338257	          -0.3576508	           0.3589935	           -0.357605	           0.3590088	          -0.5722046	          -0.2710876
1.0132e+010	          -0.6030884	          -0.2330627	          -0.3532257	           0.3605957	          -0.3534393	           0.3605957	          -0.5774231	           -0.272522
1.0153e+010	          -0.6058044	          -0.2323914	          -0.3499451	           0.3617554	          -0.3500519	           0.3617554	           -0.580719	          -0.2733459
1.0174e+010	          -0.6090393	          -0.2316589	          -0.3462372	           0.3630829	           -0.346344	           0.3629913	          -0.5851135	          -0.2728882
1.0195e+010	          -0.6121216	          -0.2308655	          -0.3425751	           0.3643951	          -0.3426361	           0.3644409	          -0.5902405	          -0.2736206
1.0216e+010	          -0.6154785	          -0.2297058	           -0.338501	           0.3657684	          -0.3386993	           0.3656158	          -0.5936279	           -0.274231
1.0237e+010	           -0.618042	          -0.2288818	          -0.3351288	           0.3669586	          -0.3352051	           0.3669281	          -0.5970154	          -0.2733459
1.0258e+010	          -0.6211548	           -0.228302	          -0.3309326	           0.3682861	          -0.3310394	           0.3681946	          -0.6023254	          -0.2732544
1.0279e+010	          -0.6235046	          -0.2278137	          -0.3273315	           0.3694916	          -0.3275604	           0.3693695	          -0.6054077	          -0.2733459
  1.03e+010	          -0.6263428	          -0.2268066	            -0.32341	           0.3708801	          -0.3235474	           0.3704681	          -0.6081848	          -0.2718811
1.0321e+010	          -0.6290894	          -0.2260132	          -0.3198547	           0.3717957	          -0.3197327	           0.3716431	          -0.6123657	          -0.2703247
1.0342e+010	          -0.6316833	          -0.2261047	           -0.315918	            0.372757	          -0.3161621	           0.3725433	          -0.6159058	          -0.2705688
1.0363e+010	          -0.6339111	          -0.2254333	           -0.312561	           0.3735199	           -0.312561	           0.3735199	          -0.6173706	          -0.2695923
1.0384e+010	          -0.6369019	          -0.2246094	          -0.3087311	           0.3744965	          -0.3090668	           0.3745575	          -0.6209717	          -0.2670593
1.0405e+010	          -0.6394348	          -0.2245483	          -0.3049774	           0.3752899	           -0.305069	           0.3752899	          -0.6246643	          -0.2659302
1.0426e+010	          -0.6420898	          -0.2241211	          -0.3012085	           0.3761444	          -0.3017883	           0.3760529	          -0.6262512	          -0.2646179
1.0447e+010	          -0.6443787	          -0.2237244	          -0.2980347	           0.3767242	          -0.2981567	           0.3769379	          -0.6286621	          -0.2615051
1.0468e+010	          -0.6471558	          -0.2234192	          -0.2940826	           0.3775177	          -0.2944946	           0.3775787	          -0.6327515	          -0.2598267
1.0489e+010	          -0.6495667	          -0.2225647	          -0.2909698	           0.3779755	           -0.291153	           0.3781891	           -0.634552	          -0.2587891
 1.051e+010	          -0.6524963	           -0.221344	          -0.2873688	           0.3789215	          -0.2876434	           0.3786469	          -0.6365967	          -0.2561951
1.0531e+010	          -0.6556091	          -0.2207336	          -0.2844391	            0.378952	          -0.2843628	           0.3793182	          -0.6404114	           -0.254364
1.0552e+010	          -0.6585388	          -0.2204285	          -0.2810211	           0.3797913	          -0.2814789	           0.3795929	          -0.6431274	          -0.2540894
1.0573e+010	          -0.6606445	          -0.2187805	          -0.2780151	            0.380188	          -0.2780609	            0.380127	          -0.6443787	          -0.2517395
1.0594e+010	          -0.6642761	          -0.2174988	          -0.2746887	           0.3808594	          -0.2747955	           0.3807526	          -0.6480103	          -0.2484436
1.0615e+010	           -0.666748	          -0.2168579	          -0.2717743	           0.3815918	          -0.2720947	            0.381485	          -0.6520996	          -0.2481384
1.0636e+010	          -0.6694031	           -0.215332	          -0.2688751	           0.3819427	          -0.2692566	           0.3820648	          -0.6536255	          -0.2470703
1.0657e+010	          -0.6720581	          -0.2140808	          -0.2660675	           0.3824005	          -0.2662964	           0.3823853	          -0.6564636	          -0.2438354
1.0678e+010	          -0.6757507	          -0.2131042	          -0.2627869	           0.3831482	          -0.2630768	           0.3832245	          -0.6614685	          -0.2429199
1.0699e+010	           -0.677124	          -0.2120972	           -0.260376	            0.383667	          -0.2606354	            0.383667	          -0.6637268	           -0.242157
 1.072e+010	          -0.6801453	          -0.2102051	          -0.2575226	           0.3845062	          -0.2579041	           0.3846741	          -0.6668701	          -0.2398682
1.0741e+010	          -0.6827698	          -0.2093811	          -0.2548218	            0.384964	          -0.2549286	           0.3850555	          -0.6714172	          -0.2382507
1.0762e+010	          -0.6853027	          -0.2082214	          -0.2516937	           0.3856659	          -0.2521515	           0.3856812	          -0.6745605	          -0.2377014
1.0783e+010	          -0.6870728	          -0.2064209	          -0.2492065	           0.3864746	          -0.2494049	           0.3865814	          -0.6766968	          -0.2356873
1.0804e+010	           -0.690094	           -0.204895	            -0.24646	           0.3872833	          -0.2465057	           0.3873596	          -0.6815186	          -0.2336121
1.0825e+010	          -0.6921387	          -0.2038879	          -0.2436829	           0.3879547	          -0.2439117	           0.3881226	          -0.6851196	          -0.2335815
1.0846e+010	          -0.6945496	          -0.2018738	          -0.2406311	           0.3886261	          -0.2410278	           0.3887024	          -0.6871948	          -0.2319336
1.0867e+010	          -0.6970215	          -0.2001953	          -0.2378082	           0.3893738	          -0.2379761	           0.3894348	          -0.6908875	          -0.2289124
1.0888e+010	          -0.6992798	          -0.1990967	          -0.2345428	           0.3901062	          -0.2349091	           0.3901825	          -0.6950378	           -0.228302
1.0909e+010	          -0.7009277	          -0.1977844	          -0.2321167	           0.3908539	          -0.2324829	           0.3908997	          -0.6970215	          -0.2276001
 1.093e+010	          -0.7033386	          -0.1958618	          -0.2286072	           0.3913116	          -0.2288666	           0.3913422	          -0.6994629	          -0.2240601
1.0951e+010	          -0.7056274	           -0.194519	          -0.2255859	           0.3919525	          -0.2258301	           0.3921509	          -0.7029114	          -0.2217407
1.0972e+010	          -0.7077942	          -0.1934814	            -0.22258	           0.3927917	          -0.2229309	           0.3927612	          -0.7055359	          -0.2207642
1.0993e+010	           -0.709259	          -0.1921997	          -0.2199554	            0.392807	          -0.2200928	           0.3931732	          -0.7068787	          -0.2181396
1.1014e+010	          -0.7124634	          -0.1905212	          -0.2166595	           0.3933563	          -0.2170868	           0.3934021	          -0.7102356	          -0.2158508
1.1035e+010	          -0.7138062	          -0.1895752	          -0.2139587	           0.3937378	          -0.2143097	           0.3938446	          -0.7121277	          -0.2145996
1.1056e+010	          -0.7161865	          -0.1873169	          -0.2107391	           0.3942261	          -0.2110138	           0.3943024	          -0.7123108	          -0.2117004
1.1077e+010	           -0.717865	          -0.1860046	          -0.2081451	           0.3945923	          -0.2082062	           0.3945923	          -0.7147827	          -0.2086792
1.1098e+010	          -0.7206726	          -0.1847839	          -0.2049561	           0.3948059	          -0.2055206	            0.394928	          -0.7171021	          -0.2075195
1.1119e+010	          -0.7217712	          -0.1828613	          -0.2023926	           0.3947601	          -0.2026978	           0.3948212	          -0.7172852	           -0.205719
 1.114e+010	          -0.7245178	          -0.1800842	          -0.1989441	           0.3953705	          -0.1993713	           0.3953247	          -0.7183228	          -0.2009888
1.1161e+010	          -0.7266235	          -0.1787109	          -0.1964417	           0.3953857	           -0.196579	           0.3957367	          -0.7212219	          -0.1992188
1.1182e+010	          -0.7284546	          -0.1773376	          -0.1940918	           0.3956451	          -0.1944733	           0.3957672	          -0.7219238	          -0.1986694
1.1203e+010	          -0.7304688	          -0.1755371	          -0.1920319	           0.3957672	          -0.1921997	           0.3960571	          -0.7220154	          -0.1955872
1.1224e+010	           -0.732666	          -0.1737061	          -0.1889648	            0.395874	          -0.1893616	           0.3958588	          -0.7245789	          -0.1919556
1.1245e+010	          -0.7337341	          -0.1717224	          -0.1867371	           0.3960876	          -0.1868286	           0.3964539	          -0.7257996	          -0.1907654
1.1266e+010	          -0.7357178	          -0.1691895	          -0.1842194	            0.396698	           -0.184845	           0.3969727	          -0.7263184	          -0.1890869
1.1287e+010	          -0.7374573	          -0.1672668	          -0.1825104	           0.3966675	          -0.1826477	           0.3970032	          -0.7283325	          -0.1864014
1.1308e+010	          -0.7395935	          -0.1657715	          -0.1802673	            0.397171	           -0.180542	           0.3971252	          -0.7302551	          -0.1849976
1.1329e+010	          -0.7402344	          -0.1638794	          -0.1779633	           0.3974152	          -0.1780701	           0.3976593	          -0.7304077	          -0.1826172
 1.135e+010	          -0.7423706	          -0.1614685	          -0.1756134	           0.3980255	          -0.1758575	           0.3981323	          -0.7328186	          -0.1794434
1.1371e+010	          -0.7433777	           -0.159668	          -0.1737366	           0.3984375	          -0.1739502	           0.3986664	          -0.7356873	          -0.1782837
1.1392e+010	          -0.7450256	          -0.1576843	          -0.1713409	           0.3988037	          -0.1718597	           0.3990479	          -0.7367554	          -0.1766968
1.1413e+010	          -0.7464905	          -0.1552429	          -0.1691589	           0.3993835	          -0.1691589	           0.3995972	          -0.7370911	          -0.1726379
1.1434e+010	          -0.7483826	          -0.1532898	          -0.1660004	           0.3998566	          -0.1665039	           0.4000244	          -0.7404175	          -0.1685181
1.1455e+010	          -0.7491455	          -0.1517639	          -0.1640015	            0.400528	          -0.1641998	           0.4007263	          -0.7432251	          -0.1671143
1.1476e+010	          -0.7505188	           -0.149292	          -0.1614838	           0.4008636	          -0.1617737	           0.4011841	          -0.7437744	          -0.1643677
1.1497e+010	          -0.7515259	          -0.1471252	          -0.1587524	           0.4011536	          -0.1589203	           0.4012451	          -0.7452087	          -0.1597595
1.1518e+010	           -0.753479	          -0.1452637	          -0.1555939	           0.4018402	          -0.1559296	           0.4019318	          -0.7474976	          -0.1563416
1.1539e+010	          -0.7540283	          -0.1435547	          -0.1528168	           0.4016418	          -0.1529541	           0.4018555	          -0.7484131	           -0.153717
 1.156e+010	          -0.7556458	          -0.1412964	          -0.1504822	            0.402359	          -0.1507721	             0.40271	           -0.750061	          -0.1499023
1.1581e+010	          -0.7569885	           -0.139679	          -0.1476135	           0.4023438	          -0.1477814	           0.4024811	          -0.7518921	          -0.1460571
1.1602e+010	          -0.7585754	          -0.1376953	          -0.1443939	           0.4023743	          -0.1446075	           0.4026642	           -0.751709	          -0.1428223
1.1623e+010	           -0.759613	          -0.1354065	          -0.1418457	           0.4029083	           -0.141922	           0.4028168	          -0.7524109	          -0.1383972
1.1644e+010	          -0.7618103	          -0.1335449	          -0.1390839	           0.4026184	          -0.1394653	           0.4029541	          -0.7552795	          -0.1355286
1.1665e+010	          -0.7628784	          -0.1323547	          -0.1371765	           0.4023743	          -0.1373596	             0.40242	          -0.7558594	          -0.1347351
1.1686e+010	          -0.7637939	          -0.1300659	          -0.1343842	           0.4020386	          -0.1347198	           0.4023285	          -0.7541809	          -0.1316528
1.1707e+010	          -0.7653809	          -0.1274414	           -0.131897	           0.4021759	          -0.1320038	           0.4024658	          -0.7550354	          -0.1275024
1.1728e+010	          -0.7669678	          -0.1256104	          -0.1298218	           0.4022369	          -0.1300812	           0.4025726	          -0.7573547	          -0.1272583
1.1749e+010	          -0.7681274	          -0.1236267	          -0.1284332	           0.4022369	          -0.1286316	             0.40242	          -0.7571106	          -0.1275635
 1.177e+010	          -0.7693176	          -0.1207886	          -0.1263428	           0.4018555	          -0.1265564	            0.401947	          -0.7566833	          -0.1246033
1.1791e+010	           -0.769989	           -0.118866	          -0.1241608	           0.4016266	          -0.1243439	           0.4017181	          -0.7575073	          -0.1225281
1.1812e+010	          -0.7710571	          -0.1166077	           -0.122345	           0.4022064	          -0.1225281	           0.4024353	          -0.7580261	          -0.1226501
1.1833e+010	          -0.7722473	          -0.1136169	          -0.1210938	           0.4026947	          -0.1211548	           0.4027405	          -0.7589417	          -0.1219482
1.1854e+010	          -0.7731934	          -0.1116943	          -0.1195068	           0.4026947	          -0.1198883	           0.4028625	          -0.7611389	          -0.1210632
1.1875e+010	          -0.7735901	          -0.1094666	          -0.1175842	           0.4025574	          -0.1177673	           0.4028015	           -0.760498	           -0.120697
1.1896e+010	          -0.7738647	            -0.10672	          -0.1153564	           0.4033661	          -0.1156921	           0.4035645	          -0.7591553	          -0.1178589
1.1917e+010	          -0.7742615	          -0.1040955	          -0.1135406	           0.4041138	          -0.1137085	           0.4042816	          -0.7625122	          -0.1161499
1.1938e+010	          -0.7754211	          -0.1014404	          -0.1123199	           0.4044037	          -0.1125336	           0.4046478	          -0.7649841	          -0.1178284
1.1959e+010	          -0.7755127	          -0.0995483	          -0.1104584	           0.4046936	           -0.110733	           0.4046631	          -0.7630005	          -0.1170959
 1.198e+010	          -0.7757874	          -0.0968323	          -0.1076202	           0.4046631	          -0.1079559	            0.404892	          -0.7625122	          -0.1118164
1.2001e+010	          -0.7762756	          -0.0950317	          -0.1053467	           0.4051971	          -0.1057739	           0.4056549	            -0.76474	          -0.1105347
1.2022e+010	          -0.7769775	          -0.0928345	          -0.1038513	           0.4060364	          -0.1041412	           0.4064026	          -0.7660217	          -0.1118164
1.2043e+010	          -0.7770691	          -0.0900574	          -0.1025085	           0.4061279	           -0.102478	             0.40625	          -0.7651672	          -0.1091309
1.2064e+010	          -0.7780762	          -0.0875854	          -0.0990295	           0.4055328	          -0.0994873	           0.4059601	          -0.7650757	          -0.1047974
1.2085e+010	          -0.7779541	          -0.0860901	          -0.0967712	           0.4059906	          -0.0967102	           0.4062347	           -0.764679	          -0.1029053
1.2106e+010	          -0.7780151	          -0.0839844	          -0.0948029	           0.4069214	          -0.0949249	            0.407196	          -0.7650452	          -0.1007385
1.2127e+010	          -0.7788696	          -0.0811768	           -0.093399	           0.4069214	          -0.0932922	           0.4071198	          -0.7675171	          -0.0987854
1.2148e+010	          -0.7795715	          -0.0789185	          -0.0909729	           0.4062958	          -0.0913239	           0.4066162	          -0.7670593	          -0.0976868
1.2169e+010	          -0.7789612	          -0.0769043	           -0.088501	           0.4065399	          -0.0886536	           0.4066925	          -0.7638245	          -0.0942078
 1.219e+010	          -0.7796936	          -0.0743408	          -0.0859375	            0.407074	          -0.0862579	           0.4073181	          -0.7658386	            -0.09021
1.2211e+010	          -0.7808533	          -0.0721436	          -0.0847473	            0.407547	          -0.0847778	           0.4078522	            -0.77005	          -0.0906372
1.2232e+010	          -0.7804565	          -0.0697327	           -0.083252	           0.4075775	          -0.0835571	           0.4079437	          -0.7687378	          -0.0901184
1.2253e+010	          -0.7801514	          -0.0673523	          -0.0809784	            0.407135	          -0.0810394	           0.4074097	          -0.7660522	          -0.0848694
1.2274e+010	          -0.7808838	          -0.0653992	          -0.0781708	           0.4074249	          -0.0782318	           0.4078217	          -0.7683105	          -0.0812988
1.2295e+010	          -0.7807312	          -0.0641785	          -0.0767517	           0.4088745	           -0.076828	           0.4091492	           -0.771637	          -0.0816956
1.2316e+010	          -0.7805786	          -0.0613098	          -0.0760956	            0.409668	          -0.0761566	            0.409729	          -0.7727661	            -0.08078
1.2337e+010	          -0.7806702	          -0.0589294	          -0.0740967	           0.4085388	          -0.0743103	           0.4089508	          -0.7718201	          -0.0771179
1.2358e+010	          -0.7805176	          -0.0577698	          -0.0710907	           0.4085236	          -0.0713501	            0.408844	          -0.7704773	          -0.0748291
1.2379e+010	          -0.7796936	          -0.0560608	          -0.0691071	           0.4104004	          -0.0692444	           0.4105225	          -0.7719727	          -0.0726013
  1.24e+010	          -0.7799683	          -0.0530701	          -0.0679626	           0.4118347	          -0.0682373	           0.4121399	          -0.7780151	          -0.0698547
