! 
! FILENAME MUT_5mm_TG
# Hz S RI R 50
 8200000000	          -0.3658905	           0.1258698	          -0.6467896	           -0.158905	          -0.6471863	          -0.1603394	          -0.2911987	           0.1292114
 8221000000	          -0.3631897	           0.1130981	          -0.6473389	          -0.1474609	          -0.6478271	          -0.1488647	          -0.2885742	           0.1153564
 8242000000	          -0.3610229	           0.1009369	          -0.6477661	          -0.1364746	          -0.6481934	          -0.1378784	          -0.2864227	           0.1023254
 8263000000	          -0.3589935	           0.0896301	          -0.6480103	          -0.1257629	          -0.6485901	          -0.1271362	          -0.2845154	            0.090271
 8284000000	          -0.3574066	           0.0790253	          -0.6481628	          -0.1153259	          -0.6488037	          -0.1166382	          -0.2830658	           0.0786285
 8305000000	          -0.3559113	           0.0691833	          -0.6481628	           -0.105072	          -0.6490173	          -0.1064148	           -0.281723	           0.0678711
 8326000000	          -0.3547058	           0.0594788	          -0.6480103	          -0.0951233	          -0.6487427	           -0.096405	          -0.2805634	            0.057373
 8347000000	           -0.353714	            0.050415	          -0.6479187	          -0.0854187	          -0.6487732	          -0.0866699	          -0.2797241	            0.047226
 8368000000	          -0.3529358	           0.0416412	           -0.647522	          -0.0758972	          -0.6484375	          -0.0770874	          -0.2790833	           0.0377502
 8389000000	          -0.3522797	           0.0332031	          -0.6471252	          -0.0665588	          -0.6480713	          -0.0677185	          -0.2785797	           0.0284119
 8410000000	          -0.3518677	           0.0251312	          -0.6465149	           -0.057312	          -0.6474609	          -0.0584717	          -0.2783203	           0.0193634
 8431000000	          -0.3515778	           0.0172424	          -0.6458435	          -0.0482788	          -0.6468201	          -0.0493469	          -0.2782745	           0.0108032
 8452000000	           -0.351532	           0.0095673	          -0.6450195	          -0.0393372	          -0.6460266	          -0.0404053	          -0.2783813	            0.002243
 8473000000	           -0.351593	           0.0022583	           -0.644104	          -0.0304565	          -0.6452332	          -0.0315247	          -0.2786102	          -0.0058594
 8494000000	          -0.3517151	          -0.0048828	          -0.6430969	           -0.021759	           -0.644165	          -0.0227661	          -0.2790985	          -0.0139618
 8515000000	          -0.3521118	          -0.0118866	          -0.6419067	          -0.0132141	          -0.6431274	          -0.0141296	          -0.2796478	          -0.0218506
 8536000000	          -0.3525543	          -0.0187378	          -0.6407166	          -0.0047302	          -0.6419373	          -0.0056458	          -0.2803955	          -0.0295105
 8557000000	          -0.3531647	          -0.0254364	          -0.6393127	           0.0036316	           -0.640564	           0.0027161	          -0.2812347	          -0.0370331
 8578000000	          -0.3539581	          -0.0319672	          -0.6378479	           0.0119324	          -0.6390991	           0.0110474	          -0.2822876	          -0.0444183
 8599000000	          -0.3548431	          -0.0383301	           -0.636322	           0.0200806	          -0.6376343	           0.0192566	          -0.2835236	           -0.051651
 8620000000	          -0.3559418	          -0.0446777	          -0.6346436	           0.0281677	          -0.6359558	           0.0274048	          -0.2849731	          -0.0587921
 8641000000	          -0.3570862	          -0.0507965	           -0.632782	           0.0361328	          -0.6341248	           0.0354309	          -0.2864075	          -0.0657349
 8662000000	          -0.3583984	           -0.056839	           -0.631012	           0.0440369	          -0.6323853	            0.043396	          -0.2880859	          -0.0725708
 8683000000	          -0.3598022	          -0.0627747	          -0.6290283	           0.0518188	          -0.6303711	            0.051239	          -0.2898712	           -0.079361
 8704000000	          -0.3613129	           -0.068634	          -0.6268921	           0.0595093	          -0.6282654	           0.0589905	           -0.291748	          -0.0860291
 8725000000	          -0.3629608	          -0.0743866	          -0.6246948	           0.0671387	          -0.6260681	           0.0666504	          -0.2937927	          -0.0925751
 8746000000	          -0.3647156	          -0.0800629	           -0.622406	           0.0746765	          -0.6238098	           0.0742493	            -0.29599	          -0.0990448
 8767000000	          -0.3665466	          -0.0856323	          -0.6199646	           0.0821228	          -0.6214294	           0.0817566	          -0.2982635	          -0.1053925
 8788000000	           -0.368576	          -0.0911713	          -0.6175842	           0.0895081	          -0.6190186	           0.0891724	          -0.3007202	          -0.1116791
 8809000000	          -0.3706207	          -0.0964813	          -0.6149597	           0.0967712	          -0.6164246	           0.0964966	          -0.3032532	          -0.1177826
 8830000000	          -0.3728485	          -0.1017761	          -0.6122742	           0.1039734	          -0.6137085	           0.1037292	          -0.3059235	          -0.1238708
 8851000000	          -0.3751068	          -0.1069641	           -0.609436	           0.1110229	          -0.6109314	           0.1108704	          -0.3087158	          -0.1298218
 8872000000	          -0.3775482	          -0.1121063	          -0.6066895	           0.1180115	          -0.6081543	           0.1179199	          -0.3115692	          -0.1357269
 8893000000	          -0.3800354	          -0.1171417	          -0.6037292	            0.124939	          -0.6051941	           0.1248779	          -0.3146057	          -0.1414642
 8914000000	          -0.3826294	          -0.1220856	          -0.6006775	           0.1317444	          -0.6021423	           0.1317444	          -0.3177032	          -0.1471405
 8935000000	          -0.3852692	          -0.1269531	          -0.5975647	           0.1384583	          -0.5990295	           0.1384888	          -0.3209381	            -0.15271
 8956000000	          -0.3881073	          -0.1317444	          -0.5944214	           0.1450806	          -0.5958252	           0.1451721	          -0.3243256	          -0.1582031
 8977000000	          -0.3909607	          -0.1364136	          -0.5911255	           0.1516113	          -0.5925598	           0.1517639	          -0.3277283	           -0.163559
 8998000000	          -0.3939514	           -0.140976	          -0.5877991	           0.1580811	          -0.5891724	           0.1582642	          -0.3312683	          -0.1688232
 9019000000	          -0.3969574	          -0.1454773	          -0.5843506	           0.1643982	          -0.5857544	           0.1646423	          -0.3348694	          -0.1739502
 9040000000	          -0.4001007	          -0.1499023	          -0.5808411	           0.1706238	          -0.5822144	           0.1709595	          -0.3386078	          -0.1790466
 9061000000	          -0.4032745	          -0.1542053	           -0.577301	           0.1767578	          -0.5786438	            0.177124	          -0.3424225	          -0.1839752
 9082000000	          -0.4065704	          -0.1584167	          -0.5736389	           0.1828003	          -0.5749512	           0.1832275	          -0.3462982	           -0.188797
 9103000000	          -0.4098969	          -0.1625366	          -0.5699768	           0.1887512	          -0.5712891	            0.189209	           -0.350296	           -0.193512
 9124000000	          -0.4133301	          -0.1665955	          -0.5661926	           0.1945801	          -0.5674438	           0.1950684	          -0.3543091	          -0.1981201
 9145000000	          -0.4167786	          -0.1704712	          -0.5623779	           0.2003174	          -0.5636292	           0.2008362	           -0.358429	          -0.2025757
 9166000000	          -0.4203644	          -0.1743011	          -0.5584717	           0.2059631	          -0.5596924	            0.206543	          -0.3626404	          -0.2069397
 9187000000	          -0.4239502	          -0.1780396	          -0.5545349	           0.2114563	          -0.5557251	           0.2121277	          -0.3668976	          -0.2111969
 9208000000	           -0.427597	          -0.1816711	          -0.5505676	           0.2168884	          -0.5516968	           0.2175598	          -0.3712006	          -0.2153778
 9229000000	          -0.4313049	          -0.1852112	          -0.5465393	            0.222229	          -0.5476379	           0.2229004	          -0.3755798	          -0.2193756
 9250000000	          -0.4350739	          -0.1885986	            -0.54245	           0.2274475	          -0.5435181	           0.2281799	          -0.3800049	          -0.2232819
 9271000000	          -0.4388885	          -0.1918793	          -0.5383301	           0.2325439	          -0.5393066	           0.2333069	           -0.384491	           -0.227005
 9292000000	          -0.4427948	          -0.1951294	          -0.5341797	           0.2375793	          -0.5351563	           0.2383728	          -0.3890228	          -0.2306671
 9313000000	          -0.4466553	          -0.1982117	          -0.5299377	           0.2424622	          -0.5308533	           0.2432861	          -0.3935699	          -0.2341309
 9334000000	          -0.4506378	          -0.2011719	          -0.5257263	           0.2472839	          -0.5266113	           0.2481384	          -0.3982086	          -0.2375336
 9355000000	          -0.4546051	          -0.2040558	          -0.5214539	           0.2519836	          -0.5222778	           0.2528687	          -0.4028778	           -0.240799
 9376000000	          -0.4586334	          -0.2068329	          -0.5171509	           0.2565308	          -0.5179443	           0.2574768	           -0.407547	          -0.2439423
 9397000000	          -0.4626312	          -0.2095032	          -0.5128174	           0.2610474	          -0.5135498	           0.2619629	           -0.412262	           -0.246933
 9418000000	          -0.4667511	          -0.2120819	          -0.5084839	           0.2654419	          -0.5091858	           0.2663879	          -0.4170227	          -0.2498016
 9439000000	          -0.4707947	          -0.2145233	          -0.5040894	           0.2697144	          -0.5047302	           0.2706604	          -0.4217529	          -0.2525482
 9460000000	          -0.4749451	          -0.2168579	          -0.4997253	           0.2738953	          -0.5002747	           0.2748718	          -0.4265442	          -0.2551575
 9481000000	          -0.4790497	          -0.2190857	          -0.4953003	           0.2779694	          -0.4958496	           0.2789612	          -0.4313049	          -0.2576599
 9502000000	          -0.4832153	          -0.2212219	          -0.4908752	           0.2819824	           -0.491333	           0.2829742	          -0.4361115	           -0.260025
 9523000000	          -0.4873047	          -0.2232208	          -0.4864197	           0.2858582	          -0.4868469	           0.2868347	          -0.4409027	          -0.2622528
 9544000000	          -0.4914856	          -0.2251434	          -0.4819794	           0.2896271	          -0.4823456	           0.2906189	          -0.4457092	          -0.2644348
 9565000000	          -0.4956207	           -0.226944	          -0.4774933	           0.2933044	          -0.4778137	            0.294281	          -0.4505005	          -0.2664185
 9586000000	          -0.4998322	          -0.2286377	           -0.473053	           0.2969208	          -0.4733429	           0.2978973	          -0.4553375	          -0.2683258
 9607000000	          -0.5039978	          -0.2302551	          -0.4685822	           0.3004303	          -0.4688263	           0.3013916	          -0.4601135	            -0.27005
 9628000000	          -0.5081482	          -0.2317505	          -0.4641113	           0.3038025	          -0.4642944	           0.3047791	          -0.4648895	          -0.2716675
 9649000000	          -0.5122681	          -0.2331238	            -0.45961	           0.3070984	          -0.4597473	           0.3080444	          -0.4696503	          -0.2731628
 9670000000	           -0.516449	           -0.234375	          -0.4551544	            0.310318	           -0.455246	            0.311264	           -0.474411	          -0.2745667
 9691000000	          -0.5205688	          -0.2355652	          -0.4506836	           0.3134766	          -0.4507446	           0.3143921	          -0.4791565	          -0.2758636
 9712000000	          -0.5247192	          -0.2366638	          -0.4462128	           0.3164825	          -0.4462128	           0.3173828	          -0.4838715	          -0.2770386
 9733000000	          -0.5288391	          -0.2376709	          -0.4418182	           0.3194733	          -0.4417725	            0.320343	          -0.4885864	          -0.2781067
 9754000000	          -0.5329285	          -0.2385864	          -0.4373474	           0.3223114	          -0.4372711	           0.3231964	          -0.4932556	          -0.2790527
 9775000000	          -0.5369568	          -0.2393188	          -0.4328766	           0.3250732	          -0.4327545	           0.3259125	          -0.4978638	          -0.2798615
 9796000000	          -0.5410767	          -0.2400513	          -0.4285126	           0.3277893	          -0.4283447	           0.3286133	           -0.502533	          -0.2806396
 9817000000	          -0.5450745	          -0.2406921	          -0.4240875	           0.3304138	          -0.4239044	            0.331192	          -0.5070801	            -0.28125
 9838000000	          -0.5491333	          -0.2412109	          -0.4197083	            0.332962	          -0.4194946	           0.3337097	          -0.5116577	          -0.2817993
 9859000000	          -0.5530701	          -0.2416077	          -0.4153442	           0.3354187	          -0.4150696	           0.3361511	          -0.5161743	          -0.2822266
 9880000000	          -0.5570374	          -0.2420044	          -0.4109802	           0.3377991	          -0.4106903	           0.3384857	          -0.5206299	          -0.2825928
 9901000000	          -0.5609436	          -0.2422485	           -0.406662	           0.3401031	          -0.4063263	           0.3407745	          -0.5250854	          -0.2828369
 9922000000	          -0.5648804	          -0.2424927	          -0.4023438	           0.3423462	          -0.4020081	           0.3429718	            -0.52948	            -0.28302
 9943000000	          -0.5686951	          -0.2426147	          -0.3980408	           0.3444977	          -0.3976746	           0.3450928	          -0.5338745	          -0.2830811
 9964000000	          -0.5726013	          -0.2426147	          -0.3937988	           0.3466034	          -0.3934174	            0.347168	          -0.5382385	          -0.2830811
 9985000000	           -0.576355	          -0.2425842	          -0.3895416	           0.3486176	          -0.3891296	           0.3491364	            -0.54245	          -0.2829895
1.0006e+010	          -0.5801392	          -0.2424622	          -0.3853149	           0.3505707	          -0.3848877	           0.3510742	          -0.5466919	          -0.2827759
1.0027e+010	          -0.5838928	          -0.2422791	          -0.3811493	           0.3525238	          -0.3807068	            0.352951	          -0.5509644	          -0.2825623
1.0048e+010	           -0.587616	          -0.2420349	          -0.3769836	           0.3543243	          -0.3765259	           0.3547363	          -0.5551147	          -0.2822571
1.0069e+010	          -0.5912781	          -0.2416992	          -0.3728485	           0.3561096	          -0.3723907	           0.3564758	          -0.5592041	          -0.2818604
 1.009e+010	          -0.5949097	          -0.2413025	          -0.3687592	           0.3578339	          -0.3682709	           0.3581543	           -0.563324	          -0.2814026
1.0111e+010	          -0.5984802	          -0.2408752	          -0.3646393	           0.3594666	          -0.3641663	           0.3597717	          -0.5673218	          -0.2808533
1.0132e+010	          -0.6020203	          -0.2403564	          -0.3605804	           0.3610687	          -0.3601074	           0.3613129	          -0.5713196	          -0.2802734
1.0153e+010	          -0.6055603	          -0.2398071	          -0.3565826	           0.3626251	          -0.3560791	           0.3628387	          -0.5752563	          -0.2796021
1.0174e+010	          -0.6090393	          -0.2391357	          -0.3525696	           0.3641205	          -0.3520966	           0.3643036	          -0.5791321	          -0.2788696
1.0195e+010	          -0.6124573	          -0.2384644	          -0.3486023	           0.3655701	          -0.3481293	           0.3657074	          -0.5830078	          -0.2781067
1.0216e+010	          -0.6158752	          -0.2377625	          -0.3446808	           0.3669434	          -0.3442078	           0.3670502	          -0.5868225	          -0.2772827
1.0237e+010	          -0.6192017	          -0.2369385	          -0.3407745	           0.3682861	          -0.3403015	           0.3683472	          -0.5906067	          -0.2763977
1.0258e+010	          -0.6225586	          -0.2361145	          -0.3368988	           0.3695679	           -0.336441	           0.3696136	          -0.5943298	          -0.2754211
1.0279e+010	          -0.6257935	           -0.235199	          -0.3330383	           0.3708344	          -0.3325958	           0.3708344	          -0.5979919	          -0.2744446
  1.03e+010	          -0.6290588	          -0.2342834	          -0.3292236	           0.3720245	          -0.3287964	            0.371994	          -0.6016235	          -0.2733765
1.0321e+010	          -0.6322327	          -0.2333069	          -0.3254547	           0.3731995	          -0.3250122	           0.3731384	          -0.6052246	          -0.2723083
1.0342e+010	          -0.6354065	          -0.2322998	           -0.321701	           0.3743286	          -0.3212891	           0.3742371	          -0.6087952	          -0.2711792
1.0363e+010	          -0.6384583	          -0.2311401	          -0.3179779	           0.3753662	          -0.3175659	           0.3752594	          -0.6122742	          -0.2699585
1.0384e+010	          -0.6416016	           -0.230072	          -0.3143005	           0.3764343	          -0.3139191	            0.376297	          -0.6157837	          -0.2687683
1.0405e+010	          -0.6445923	          -0.2289124	          -0.3106537	           0.3774414	          -0.3102722	           0.3772583	          -0.6192322	          -0.2674561
1.0426e+010	           -0.647583	          -0.2277527	          -0.3070068	           0.3784027	          -0.3066711	           0.3782043	          -0.6225891	          -0.2661743
1.0447e+010	          -0.6505127	          -0.2265015	          -0.3033905	           0.3793182	          -0.3030853	           0.3791046	           -0.625885	           -0.264801
1.0468e+010	          -0.6534729	          -0.2252502	          -0.2998505	           0.3802338	          -0.2995453	           0.3799896	          -0.6292114	          -0.2634277
1.0489e+010	          -0.6563721	           -0.223938	          -0.2963409	           0.3811188	           -0.296051	           0.3808594	          -0.6324768	          -0.2620239
 1.051e+010	          -0.6591492	          -0.2225952	          -0.2928009	           0.3819427	          -0.2925568	           0.3816528	          -0.6356812	           -0.260498
1.0531e+010	          -0.6619568	          -0.2212524	          -0.2893677	           0.3827667	          -0.2891235	           0.3824615	           -0.638916	          -0.2590332
1.0552e+010	          -0.6647034	          -0.2198792	          -0.2859192	           0.3835144	          -0.2857208	           0.3832245	          -0.6420288	          -0.2575073
1.0573e+010	          -0.6674194	          -0.2184753	          -0.2825317	           0.3842926	          -0.2823486	           0.3839722	          -0.6451416	          -0.2559509
1.0594e+010	          -0.6700745	          -0.2170105	          -0.2791443	           0.3849945	           -0.279007	           0.3846588	          -0.6482239	           -0.254364
1.0615e+010	            -0.67276	          -0.2155151	          -0.2758026	           0.3856964	          -0.2756805	            0.385376	          -0.6512146	          -0.2527466
1.0636e+010	           -0.675354	          -0.2140503	          -0.2724915	           0.3863831	          -0.2723846	           0.3860321	          -0.6542358	          -0.2510986
1.0657e+010	           -0.677887	          -0.2125549	          -0.2692108	           0.3870239	          -0.2691498	            0.386673	          -0.6571655	          -0.2494202
1.0678e+010	          -0.6804199	          -0.2109985	          -0.2659607	           0.3876495	          -0.2659149	           0.3872986	          -0.6600647	          -0.2477417
1.0699e+010	          -0.6828918	          -0.2094116	          -0.2627258	           0.3882599	          -0.2627106	           0.3879089	          -0.6629639	          -0.2459412
 1.072e+010	          -0.6853333	          -0.2078247	          -0.2595215	           0.3888397	          -0.2595367	           0.3884735	           -0.665802	          -0.2442017
1.0741e+010	          -0.6877747	          -0.2062378	          -0.2563782	           0.3894196	           -0.256424	           0.3890533	          -0.6686401	          -0.2424316
1.0762e+010	          -0.6901245	          -0.2045593	          -0.2532349	           0.3899536	          -0.2532806	           0.3895874	          -0.6713867	          -0.2405701
1.0783e+010	          -0.6924438	          -0.2029114	          -0.2501221	           0.3904724	          -0.2501831	           0.3901062	          -0.6740723	           -0.238678
1.0804e+010	          -0.6947632	          -0.2012329	          -0.2470398	           0.3909912	          -0.2471466	           0.3906403	          -0.6768188	          -0.2368469
1.0825e+010	          -0.6970825	           -0.199585	           -0.243988	             0.39151	          -0.2441254	           0.3911438	          -0.6795044	          -0.2349548
1.0846e+010	          -0.6993103	           -0.197876	          -0.2409515	           0.3919678	          -0.2411041	           0.3916168	          -0.6821289	          -0.2330322
1.0867e+010	          -0.7014771	           -0.196167	          -0.2379456	           0.3924255	          -0.2381134	           0.3920746	          -0.6846924	          -0.2310486
1.0888e+010	          -0.7036743	          -0.1944275	          -0.2349548	           0.3928833	          -0.2351532	           0.3925171	          -0.6872253	          -0.2290955
1.0909e+010	          -0.7058105	           -0.192688	          -0.2320251	           0.3932953	          -0.2322235	           0.3929596	          -0.6897888	          -0.2270813
 1.093e+010	          -0.7079773	          -0.1909485	          -0.2290955	           0.3937531	          -0.2293396	           0.3934326	          -0.6923218	          -0.2250977
1.0951e+010	          -0.7099915	          -0.1891479	          -0.2261963	           0.3941345	          -0.2264557	           0.3938293	          -0.6947021	           -0.223053
1.0972e+010	          -0.7120667	          -0.1873474	          -0.2233124	           0.3945313	           -0.223587	           0.3942413	          -0.6971436	          -0.2209778
1.0993e+010	          -0.7139587	          -0.1855469	          -0.2204437	           0.3948822	          -0.2207336	           0.3946075	          -0.6994629	          -0.2188721
1.1014e+010	          -0.7160339	          -0.1837158	          -0.2176361	           0.3952789	          -0.2179413	           0.3950195	          -0.7018738	          -0.2167664
1.1035e+010	           -0.717926	          -0.1819153	           -0.214798	           0.3956451	          -0.2151337	           0.3953857	          -0.7041626	          -0.2146606
1.1056e+010	          -0.7199097	          -0.1800537	          -0.2120209	           0.3959961	          -0.2123566	           0.3957367	          -0.7064209	          -0.2124939
1.1077e+010	          -0.7217407	          -0.1781921	          -0.2092438	           0.3963318	            -0.20961	           0.3960876	          -0.7086792	          -0.2102966
1.1098e+010	          -0.7236328	          -0.1763306	          -0.2064972	           0.3966675	          -0.2068787	           0.3964386	           -0.710907	          -0.2080688
1.1119e+010	          -0.7254333	          -0.1744385	          -0.2037964	           0.3969879	          -0.2041473	           0.3967896	          -0.7130432	          -0.2058411
 1.114e+010	          -0.7272644	          -0.1725159	          -0.2010803	           0.3973236	          -0.2014618	             0.39711	            -0.71521	          -0.2036133
1.1161e+010	          -0.7290344	          -0.1706543	          -0.1983948	           0.3976288	          -0.1987915	           0.3974457	          -0.7173157	           -0.201355
1.1182e+010	           -0.730835	          -0.1687317	          -0.1957397	            0.397934	           -0.196167	           0.3977814	          -0.7193909	          -0.1990967
1.1203e+010	          -0.7324829	          -0.1667786	          -0.1930847	           0.3982239	          -0.1934814	           0.3980713	          -0.7214355	          -0.1967468
1.1224e+010	          -0.7342529	           -0.164856	          -0.1904602	           0.3985138	          -0.1908722	            0.398407	          -0.7234192	          -0.1944885
1.1245e+010	          -0.7359009	          -0.1629028	          -0.1878357	           0.3988037	          -0.1882782	           0.3986816	          -0.7254028	          -0.1921082
1.1266e+010	          -0.7375793	          -0.1609192	          -0.1852264	           0.3990631	          -0.1856689	           0.3989716	          -0.7273254	          -0.1897278
1.1287e+010	          -0.7391663	          -0.1589355	          -0.1826782	           0.3993225	          -0.1831055	           0.3992462	          -0.7292175	          -0.1873779
1.1308e+010	          -0.7408447	          -0.1569214	          -0.1800842	           0.3996124	          -0.1805267	           0.3995361	          -0.7311096	          -0.1849365
1.1329e+010	          -0.7424011	          -0.1549377	          -0.1775665	           0.3998566	          -0.1779938	           0.3998108	          -0.7329407	          -0.1825562
 1.135e+010	           -0.743988	          -0.1529236	          -0.1750183	            0.400116	          -0.1754761	           0.4000854	          -0.7347412	          -0.1800842
1.1371e+010	          -0.7454834	          -0.1508484	          -0.1725006	           0.4003754	          -0.1729584	           0.4003601	          -0.7364807	          -0.1776428
1.1392e+010	          -0.7470093	          -0.1488037	          -0.1699982	            0.400589	          -0.1704407	           0.4006042	          -0.7381897	          -0.1751099
1.1413e+010	          -0.7485046	           -0.146759	           -0.167511	           0.4008331	          -0.1679688	           0.4008636	          -0.7398987	          -0.1726379
1.1434e+010	           -0.749939	          -0.1446838	          -0.1650238	           0.4010773	          -0.1654663	            0.401123	          -0.7415466	           -0.170105
1.1455e+010	          -0.7514343	          -0.1425781	          -0.1625671	           0.4012909	          -0.1630249	           0.4013824	          -0.7431946	           -0.167572
1.1476e+010	          -0.7528687	          -0.1405029	          -0.1601105	           0.4015503	          -0.1605682	           0.4016266	          -0.7448425	          -0.1650085
1.1497e+010	          -0.7542725	          -0.1383667	          -0.1576996	           0.4017487	          -0.1581268	           0.4018402	          -0.7463379	          -0.1624756
1.1518e+010	          -0.7556763	          -0.1362305	          -0.1552429	           0.4019928	          -0.1557159	           0.4020844	          -0.7478638	          -0.1598816
1.1539e+010	          -0.7569885	          -0.1340637	          -0.1528625	           0.4022217	          -0.1532745	           0.4023132	          -0.7494202	          -0.1572876
 1.156e+010	          -0.7583923	          -0.1319275	          -0.1504517	             0.40242	          -0.1508942	           0.4025421	          -0.7507935	          -0.1546631
1.1581e+010	          -0.7597351	          -0.1297913	          -0.1480713	           0.4026184	          -0.1484985	           0.4027557	          -0.7522583	          -0.1520691
1.1602e+010	          -0.7610474	          -0.1275635	          -0.1456757	           0.4028168	          -0.1461029	           0.4029694	          -0.7536316	          -0.1494141
1.1623e+010	          -0.7623596	          -0.1253967	          -0.1433105	           0.4030609	          -0.1437378	           0.4032288	          -0.7550659	           -0.146759
1.1644e+010	          -0.7636414	          -0.1231384	          -0.1409302	            0.403244	          -0.1413727	           0.4034119	          -0.7563782	           -0.144043
1.1665e+010	          -0.7648621	          -0.1209412	          -0.1385803	           0.4034119	          -0.1390076	            0.403595	          -0.7576904	          -0.1413879
1.1686e+010	          -0.7662354	          -0.1187134	          -0.1362762	           0.4036713	          -0.1366882	           0.4038391	          -0.7590332	          -0.1387634
1.1707e+010	           -0.767395	          -0.1164246	          -0.1339264	           0.4038239	          -0.1343384	           0.4040222	          -0.7602234	          -0.1360168
1.1728e+010	          -0.7686157	          -0.1141663	          -0.1316223	            0.404007	          -0.1320038	           0.4042053	          -0.7614441	          -0.1333008
1.1749e+010	          -0.7698059	           -0.111908	           -0.129303	           0.4041748	           -0.129715	           0.4043732	          -0.7626343	          -0.1306152
 1.177e+010	          -0.7710266	          -0.1095886	          -0.1269989	           0.4043579	          -0.1273956	           0.4045563	          -0.7638245	          -0.1278687
1.1791e+010	          -0.7721558	          -0.1072998	          -0.1247101	           0.4045105	          -0.1251068	           0.4047394	          -0.7649231	          -0.1251526
1.1812e+010	          -0.7733765	          -0.1049805	          -0.1224365	           0.4046936	           -0.122818	           0.4049072	          -0.7660828	           -0.122406
1.1833e+010	          -0.7745056	          -0.1026917	          -0.1201782	           0.4048157	          -0.1205597	           0.4050598	          -0.7670898	           -0.119751
1.1854e+010	          -0.7755737	          -0.1003723	          -0.1179047	           0.4049377	          -0.1182861	           0.4051666	          -0.7680969	          -0.1169739
1.1875e+010	          -0.7766724	          -0.0980225	          -0.1156616	           0.4051056	          -0.1160126	           0.4053497	           -0.769165	          -0.1142578
1.1896e+010	           -0.777832	          -0.0957642	          -0.1134186	           0.4052734	          -0.1137543	           0.4055176	          -0.7701721	          -0.1116028
1.1917e+010	          -0.7789612	          -0.0934753	          -0.1111755	           0.4054108	          -0.1115265	           0.4056396	          -0.7712097	          -0.1089172
1.1938e+010	          -0.7800598	          -0.0911255	          -0.1089783	           0.4055328	          -0.1093597	           0.4057617	          -0.7722168	          -0.1062317
1.1959e+010	          -0.7810669	          -0.0887756	          -0.1067657	           0.4056396	          -0.1071167	           0.4059143	          -0.7731018	          -0.1035156
 1.198e+010	          -0.7822266	          -0.0864563	          -0.1045685	           0.4057617	          -0.1048889	           0.4060211	          -0.7740173	          -0.1008911
1.2001e+010	          -0.7832336	           -0.084198	          -0.1024017	           0.4058533	          -0.1027374	           0.4061432	          -0.7749329	           -0.098175
1.2022e+010	          -0.7843323	          -0.0819092	          -0.1002502	           0.4059601	          -0.1005707	           0.4062347	          -0.7758179	          -0.0956421
1.2043e+010	          -0.7852783	          -0.0796509	          -0.0980377	           0.4060364	          -0.0983887	           0.4063263	          -0.7766113	          -0.0930176
1.2064e+010	          -0.7863464	          -0.0773926	          -0.0959167	           0.4061127	          -0.0962524	           0.4063873	          -0.7774353	          -0.0904541
1.2085e+010	          -0.7874146	          -0.0751648	          -0.0938568	           0.4062195	          -0.0941772	           0.4065247	          -0.7783508	          -0.0879822
1.2106e+010	          -0.7885132	          -0.0729675	          -0.0917206	           0.4062042	           -0.092041	           0.4065094	          -0.7791138	          -0.0854187
1.2127e+010	          -0.7895813	          -0.0708923	          -0.0896759	           0.4063263	          -0.0899506	            0.406601	          -0.7799683	          -0.0830383
1.2148e+010	          -0.7906799	          -0.0686646	          -0.0875702	           0.4063568	          -0.0879211	            0.406662	          -0.7808228	          -0.0806885
1.2169e+010	          -0.7917786	          -0.0667114	          -0.0855865	           0.4063263	          -0.0858917	            0.406662	          -0.7816162	          -0.0783386
 1.219e+010	          -0.7928162	          -0.0648499	          -0.0835419	            0.406311	          -0.0839386	           0.4066315	          -0.7823792	          -0.0760498
1.2211e+010	          -0.7936707	          -0.0628967	          -0.0815735	           0.4062653	          -0.0819397	           0.4065399	          -0.7830505	          -0.0740051
1.2232e+010	          -0.7948914	          -0.0611572	          -0.0796661	           0.4062958	          -0.0799713	           0.4065552	          -0.7838745	           -0.071991
1.2253e+010	            -0.79599	          -0.0595398	          -0.0778198	           0.4062195	          -0.0780945	           0.4065704	           -0.784729	          -0.0700684
1.2274e+010	          -0.7973022	          -0.0578918	          -0.0759125	           0.4061127	          -0.0762024	           0.4064941	          -0.7855835	          -0.0682983
1.2295e+010	          -0.7983398	           -0.056488	          -0.0741425	           0.4059753	          -0.0744476	           0.4063416	          -0.7862244	          -0.0665283
1.2316e+010	          -0.7996216	          -0.0551147	          -0.0723114	           0.4059601	          -0.0726471	           0.4062958	          -0.7871399	          -0.0652161
1.2337e+010	          -0.8009033	          -0.0542603	          -0.0707245	           0.4058075	          -0.0709534	           0.4061584	          -0.7880554	          -0.0638733
1.2358e+010	          -0.8024292	          -0.0532837	          -0.0691528	           0.4055176	          -0.0694885	           0.4059448	          -0.7889709	          -0.0628052
1.2379e+010	          -0.8033752	          -0.0528564	          -0.0675964	            0.405304	          -0.0679321	           0.4056396	          -0.7896118	          -0.0619812
  1.24e+010	          -0.8050537	          -0.0523987	          -0.0662079	           0.4050598	          -0.0665283	           0.4053802	          -0.7907715	           -0.061615
