! 
! FILENAME MUT_5mm_NTG
# Hz S RI R 50
 8200000000	           -0.405426	           0.1621094	          -0.5887451	          -0.1925354	          -0.5892029	          -0.1930542	          -0.3384094	           0.1679382
 8221000000	          -0.4009094	           0.1550751	          -0.5939941	          -0.1837463	          -0.5941772	          -0.1846008	          -0.3330536	           0.1577606
 8242000000	          -0.3953094	           0.1469727	          -0.5993042	          -0.1743469	           -0.599762	          -0.1749878	            -0.32547	           0.1494904
 8263000000	          -0.3912354	             0.13974	          -0.6040955	          -0.1655273	          -0.6044006	          -0.1663208	            -0.32164	           0.1425018
 8284000000	          -0.3865051	           0.1310272	            -0.60849	          -0.1554565	          -0.6091614	            -0.15625	           -0.317215	           0.1312408
 8305000000	          -0.3816376	           0.1233368	          -0.6126099	          -0.1463318	          -0.6134338	          -0.1473083	          -0.3106537	           0.1223755
 8326000000	          -0.3776703	           0.1157074	          -0.6169434	          -0.1360779	          -0.6173096	          -0.1367493	          -0.3067322	           0.1154633
 8347000000	          -0.3746338	           0.1081543	          -0.6197205	          -0.1268005	          -0.6205444	          -0.1275024	          -0.3044281	            0.105423
 8368000000	          -0.3704376	           0.0991669	          -0.6233826	          -0.1166992	           -0.624176	           -0.117157	          -0.2983551	           0.0953674
 8389000000	          -0.3672333	           0.0921936	          -0.6262817	            -0.10672	          -0.6269226	          -0.1075439	          -0.2949677	           0.0890656
 8410000000	          -0.3650818	           0.0836639	          -0.6287231	          -0.0964661	          -0.6293945	          -0.0969849	          -0.2938538	           0.0792542
 8431000000	          -0.3616028	           0.0749817	           -0.631073	          -0.0869446	          -0.6318665	          -0.0877991	          -0.2901001	           0.0690002
 8452000000	          -0.3587341	           0.0671692	          -0.6335754	          -0.0761414	          -0.6340332	          -0.0767212	          -0.2867126	            0.062027
 8473000000	          -0.3568726	            0.059906	          -0.6347656	          -0.0668945	          -0.6355591	          -0.0675659	          -0.2870178	           0.0534668
 8494000000	          -0.3553467	           0.0505981	          -0.6363831	           -0.056366	          -0.6373291	          -0.0571289	          -0.2846375	           0.0419464
 8515000000	          -0.3533478	           0.0427094	          -0.6374207	          -0.0466309	          -0.6383972	          -0.0474548	          -0.2819366	           0.0346985
 8536000000	          -0.3522797	           0.0344238	          -0.6383667	          -0.0364685	          -0.6391602	          -0.0370789	          -0.2828522	           0.0265656
 8557000000	          -0.3514099	            0.026001	          -0.6388245	          -0.0271606	          -0.6400146	          -0.0281067	          -0.2830048	           0.0154114
 8578000000	          -0.3507538	           0.0172729	          -0.6396484	          -0.0169983	          -0.6401672	          -0.0178528	          -0.2805634	           0.0066223
 8599000000	          -0.3503571	           0.0096588	          -0.6396179	          -0.0078735	          -0.6405334	          -0.0086365	          -0.2816925	           -0.000473
 8620000000	          -0.3505859	           0.0006104	           -0.639679	           0.0021362	           -0.640625	           0.0015259	          -0.2837524	          -0.0117035
 8641000000	          -0.3499603	          -0.0071106	          -0.6392212	           0.0111389	           -0.640686	           0.0106812	          -0.2826843	          -0.0208435
 8662000000	          -0.3509674	          -0.0144806	          -0.6387634	           0.0212097	          -0.6394653	           0.0206604	          -0.2836914	           -0.027771
 8683000000	          -0.3522186	          -0.0220184	          -0.6377258	           0.0301514	          -0.6388245	           0.0295715	          -0.2868347	          -0.0374756
 8704000000	          -0.3530273	          -0.0307159	          -0.6368408	           0.0402832	          -0.6378174	           0.0397034	           -0.286377	          -0.0485687
 8725000000	          -0.3537903	          -0.0374146	          -0.6356506	           0.0489197	          -0.6369324	           0.0484009	          -0.2871552	          -0.0550385
 8746000000	          -0.3560181	          -0.0449219	          -0.6339417	           0.0584717	          -0.6348877	           0.0581665	           -0.291153	          -0.0643311
 8767000000	          -0.3573303	          -0.0524445	           -0.632019	           0.0675354	          -0.6334229	           0.0667419	          -0.2919464	          -0.0746765
 8788000000	          -0.3590698	          -0.0599365	           -0.630249	           0.0768433	          -0.6311035	           0.0762939	          -0.2917786	          -0.0824432
 8809000000	          -0.3612976	          -0.0660858	           -0.627655	           0.0856018	          -0.6289063	           0.0851746	          -0.2954254	          -0.0892792
 8830000000	          -0.3628998	          -0.0738525	          -0.6248474	           0.0950623	          -0.6259766	           0.0947571	          -0.2976685	          -0.0997925
 8851000000	          -0.3644104	          -0.0803375	          -0.6220093	           0.1031494	          -0.6235352	           0.1028748	          -0.2978363	          -0.1067657
 8872000000	          -0.3666077	          -0.0868988	          -0.6188965	           0.1122131	          -0.6200562	           0.1117859	          -0.3009796	          -0.1128693
 8893000000	          -0.3685303	          -0.0936279	          -0.6152344	           0.1203308	          -0.6167908	           0.1199341	          -0.3040466	          -0.1214142
 8914000000	          -0.3708344	           -0.100174	          -0.6118774	           0.1287231	           -0.612793	           0.1282043	          -0.3040009	          -0.1289673
 8935000000	          -0.3732452	          -0.1056366	          -0.6081238	              0.1362	          -0.6094971	           0.1361694	          -0.3064575	          -0.1329041
 8956000000	          -0.3766785	          -0.1126251	          -0.6035461	           0.1441956	          -0.6048584	           0.1441956	          -0.3107605	          -0.1405945
 8977000000	           -0.378952	          -0.1198425	          -0.5997314	           0.1510315	          -0.6011963	           0.1508484	          -0.3114166	          -0.1474915
 8998000000	          -0.3817291	          -0.1252441	          -0.5958557	           0.1584167	          -0.5968018	           0.1582336	          -0.3130341	          -0.1511841
 9019000000	          -0.3854523	          -0.1310425	          -0.5915222	           0.1644592	          -0.5932007	           0.1645813	          -0.3180237	          -0.1559753
 9040000000	          -0.3894501	           -0.137619	          -0.5873413	           0.1715698	          -0.5888977	            0.171051	          -0.3205719	          -0.1635742
 9061000000	          -0.3925629	          -0.1431732	          -0.5836487	           0.1772156	          -0.5848694	           0.1772461	           -0.322052	          -0.1669312
 9082000000	          -0.3966675	          -0.1483459	          -0.5794373	            0.183075	          -0.5808411	           0.1829224	          -0.3280334	          -0.1712952
 9103000000	           -0.401123	          -0.1534271	          -0.5759888	           0.1884766	          -0.5778198	           0.1886292	          -0.3321991	          -0.1780396
 9124000000	          -0.4058075	          -0.1583862	          -0.5722961	           0.1944275	          -0.5735779	           0.1945496	          -0.3344421	           -0.182663
 9145000000	          -0.4099426	          -0.1623688	           -0.568634	           0.1997681	          -0.5701294	           0.2000732	          -0.3397675	          -0.1852417
 9166000000	          -0.4147644	          -0.1669464	          -0.5648804	           0.2057495	          -0.5663147	           0.2061157	          -0.3470306	          -0.1924591
 9187000000	          -0.4180756	          -0.1708984	           -0.561554	            0.210968	          -0.5632324	           0.2113953	          -0.3499298	          -0.1974792
 9208000000	          -0.4221649	          -0.1736908	          -0.5578613	           0.2177429	          -0.5589294	           0.2180176	          -0.3564148	          -0.1998444
 9229000000	          -0.4266968	          -0.1767426	          -0.5539246	           0.2226868	          -0.5557251	           0.2234497	          -0.3647156	          -0.2050781
 9250000000	          -0.4304962	          -0.1809692	          -0.5496521	           0.2295532	          -0.5509949	           0.2298584	          -0.3695068	          -0.2121887
 9271000000	          -0.4337616	          -0.1838837	          -0.5457764	           0.2351074	          -0.5469666	           0.2359924	          -0.3744812	          -0.2142792
 9292000000	          -0.4376373	          -0.1866608	          -0.5401917	           0.2417297	          -0.5415955	           0.2424316	          -0.3841248	          -0.2181091
 9313000000	          -0.4419403	          -0.1910095	          -0.5353394	           0.2469788	          -0.5368652	           0.2478027	          -0.3896027	          -0.2243652
 9334000000	          -0.4454498	            -0.19487	           -0.530304	           0.2529907	          -0.5314636	           0.2532959	          -0.3943634	          -0.2276001
 9355000000	          -0.4486389	          -0.1982727	          -0.5248108	           0.2573853	          -0.5263062	           0.2581787	          -0.4026642	            -0.22995
 9376000000	          -0.4537659	           -0.202301	          -0.5194092	           0.2623596	           -0.520752	           0.2631531	          -0.4097748	          -0.2366333
 9397000000	          -0.4578857	          -0.2063599	          -0.5145569	           0.2663269	          -0.5157776	           0.2672729	          -0.4130402	          -0.2405396
 9418000000	          -0.4625397	          -0.2090149	          -0.5088806	            0.270813	          -0.5101318	           0.2716675	          -0.4199219	          -0.2426605
 9439000000	          -0.4676971	          -0.2122498	          -0.5037842	           0.2738647	          -0.5052185	           0.2752686	          -0.4268494	          -0.2489929
 9460000000	          -0.4730377	           -0.216095	          -0.4994202	           0.2772675	          -0.5004883	           0.2781372	           -0.429657	          -0.2544556
 9481000000	           -0.477066	          -0.2184753	          -0.4951477	            0.280838	           -0.496521	           0.2822266	           -0.434082	          -0.2559814
 9502000000	          -0.4828491	          -0.2207336	          -0.4908447	           0.2843781	          -0.4920349	           0.2855682	          -0.4419403	          -0.2610931
 9523000000	          -0.4880371	          -0.2229767	          -0.4873505	           0.2874603	          -0.4884186	           0.2889252	          -0.4447327	           -0.267334
 9544000000	          -0.4924774	           -0.224411	          -0.4829865	           0.2910461	          -0.4838104	           0.2923126	           -0.447998	          -0.2691498
 9565000000	          -0.4973297	          -0.2253418	          -0.4792633	            0.294281	          -0.4802399	           0.2962341	          -0.4554749	          -0.2717133
 9586000000	           -0.503418	          -0.2272339	          -0.4753265	           0.2986908	          -0.4761505	           0.3000183	          -0.4604492	          -0.2783051
 9607000000	          -0.5073547	          -0.2292175	          -0.4718628	           0.3019562	          -0.4722137	           0.3037567	          -0.4622803	          -0.2805481
 9628000000	          -0.5106812	          -0.2301941	          -0.4674377	           0.3058014	          -0.4679108	           0.3073578	          -0.4692993	          -0.2808838
 9649000000	          -0.5157471	          -0.2309875	          -0.4635162	           0.3096008	          -0.4640961	           0.3115997	          -0.4752655	          -0.2849426
 9670000000	          -0.5200806	           -0.232666	          -0.4589233	           0.3140564	          -0.4588928	           0.3154755	          -0.4776459	          -0.2870026
 9691000000	          -0.5229492	          -0.2338562	          -0.4545288	            0.317337	          -0.4544525	           0.3191071	          -0.4825134	          -0.2855988
 9712000000	          -0.5270691	           -0.234314	          -0.4493103	           0.3214111	          -0.4495697	           0.3230438	           -0.489502	          -0.2878418
 9733000000	          -0.5312195	          -0.2353516	          -0.4443207	           0.3245087	          -0.4441986	           0.3262177	          -0.4919281	          -0.2890167
 9754000000	          -0.5352783	          -0.2364502	          -0.4388123	           0.3280182	          -0.4389343	           0.3295135	          -0.4958801	           -0.286087
 9775000000	          -0.5389404	          -0.2377014	            -0.43367	           0.3309479	          -0.4335938	           0.3326721	          -0.5027161	          -0.2853088
 9796000000	          -0.5429993	          -0.2394104	          -0.4282837	           0.3335266	           -0.428009	           0.3349762	          -0.5060425	          -0.2870789
 9817000000	          -0.5466614	          -0.2403564	          -0.4237671	           0.3358917	          -0.4231262	           0.3376465	          -0.5083923	          -0.2842102
 9838000000	          -0.5507202	          -0.2406311	          -0.4178314	           0.3382416	          -0.4171753	           0.3394775	          -0.5149231	          -0.2814941
 9859000000	           -0.555603	          -0.2414856	          -0.4132538	           0.3405762	          -0.4125824	           0.3417206	          -0.5189514	          -0.2830811
 9880000000	          -0.5597229	           -0.243103	          -0.4083405	           0.3424225	          -0.4074249	           0.3434601	          -0.5204163	          -0.2814636
 9901000000	          -0.5630188	          -0.2436523	          -0.4039764	           0.3441467	          -0.4029694	           0.3452911	          -0.5262756	           -0.277771
 9922000000	          -0.5678101	          -0.2436218	          -0.3986969	            0.345993	          -0.3983002	           0.3467712	           -0.532074	          -0.2788391
 9943000000	          -0.5727539	          -0.2436523	          -0.3946533	           0.3472443	          -0.3935547	           0.3483582	          -0.5338135	          -0.2787781
 9964000000	          -0.5762939	          -0.2449036	          -0.3900909	           0.3489685	          -0.3892212	            0.349411	           -0.538147	          -0.2752991
 9985000000	          -0.5795898	          -0.2448425	          -0.3865967	           0.3501892	          -0.3856506	           0.3513184	          -0.5450134	          -0.2755432
1.0006e+010	          -0.5841064	          -0.2433777	          -0.3821411	            0.352005	          -0.3812408	           0.3524475	          -0.5475159	          -0.2773132
1.0027e+010	          -0.5889893	          -0.2420959	           -0.378067	           0.3532715	           -0.377121	           0.3540497	          -0.5505981	          -0.2749023
1.0048e+010	          -0.5936279	          -0.2418518	          -0.3737793	            0.355072	           -0.372879	           0.3553009	          -0.5581055	          -0.2741699
1.0069e+010	          -0.5968933	          -0.2415771	          -0.3702545	           0.3562927	          -0.3695526	           0.3567963	          -0.5623779	           -0.276947
 1.009e+010	          -0.6004944	          -0.2408142	          -0.3665924	           0.3577423	          -0.3656769	           0.3579102	          -0.5646057	          -0.2762146
1.0111e+010	          -0.6038208	          -0.2402039	          -0.3628998	           0.3592987	          -0.3618622	           0.3596802	          -0.5712585	           -0.273468
1.0132e+010	          -0.6080627	          -0.2391052	          -0.3584747	           0.3613129	          -0.3576508	           0.3613281	          -0.5777283	          -0.2760925
1.0153e+010	          -0.6113281	          -0.2384338	          -0.3549805	           0.3623657	          -0.3541412	           0.3625336	          -0.5798035	          -0.2770081
1.0174e+010	          -0.6148682	          -0.2378235	          -0.3511963	           0.3639832	          -0.3505096	           0.3640747	          -0.5848389	          -0.2745056
1.0195e+010	          -0.6178894	          -0.2372742	          -0.3473358	           0.3656464	          -0.3467407	           0.3658295	          -0.5921326	          -0.2753601
1.0216e+010	            -0.62146	          -0.2357178	          -0.3432007	           0.3672943	          -0.3424835	           0.3670502	          -0.5948486	          -0.2771606
1.0237e+010	          -0.6246948	          -0.2349548	          -0.3397827	            0.368576	          -0.3390808	           0.3686676	          -0.5978699	          -0.2746887
1.0258e+010	          -0.6279297	          -0.2348022	           -0.335083	           0.3703156	          -0.3347931	           0.3699493	          -0.6049805	          -0.2740784
1.0279e+010	          -0.6302795	          -0.2339478	          -0.3312988	           0.3716278	          -0.3309174	           0.3712158	          -0.6080017	          -0.2759094
  1.03e+010	          -0.6334839	          -0.2322693	           -0.327179	           0.3730469	          -0.3270874	           0.3724976	          -0.6096497	          -0.2736511
1.0321e+010	          -0.6368103	          -0.2315674	          -0.3232117	           0.3740845	          -0.3227997	           0.3738556	          -0.6149902	          -0.2713928
1.0342e+010	          -0.6394958	           -0.231842	          -0.3190918	           0.3748627	          -0.3191986	           0.3743286	           -0.618988	          -0.2736816
1.0363e+010	          -0.6419067	          -0.2307739	          -0.3157654	           0.3755035	          -0.3153381	           0.3755035	          -0.6185608	          -0.2725525
1.0384e+010	          -0.6452026	          -0.2295227	           -0.311615	           0.3768158	          -0.3117065	           0.3763123	          -0.6228027	          -0.2687988
1.0405e+010	          -0.6479492	           -0.229248	          -0.3078613	           0.3773041	          -0.3076324	            0.377182	          -0.6270447	          -0.2693787
1.0426e+010	          -0.6509705	          -0.2279968	          -0.3040466	           0.3781738	          -0.3039856	           0.3777313	          -0.6263733	           -0.269928
1.0447e+010	          -0.6537781	          -0.2269287	          -0.3006134	           0.3788147	           -0.300415	           0.3788757	          -0.6278992	          -0.2648926
1.0468e+010	          -0.6568604	          -0.2265015	          -0.2965698	           0.3795929	          -0.2967224	           0.3792419	          -0.6335449	           -0.263855
1.0489e+010	          -0.6592712	          -0.2253113	          -0.2934418	            0.379776	          -0.2932739	           0.3795624	          -0.6339722	          -0.2649536
 1.051e+010	          -0.6626892	          -0.2229004	          -0.2896118	            0.380661	          -0.2898102	           0.3803406	          -0.6340332	           -0.261261
1.0531e+010	          -0.6660767	          -0.2227173	          -0.2867126	           0.3807678	          -0.2862091	           0.3807678	          -0.6392517	          -0.2583618
1.0552e+010	          -0.6687622	          -0.2224121	          -0.2832642	           0.3814545	           -0.283432	           0.3809509	          -0.6416321	          -0.2601624
1.0573e+010	          -0.6705017	          -0.2201843	          -0.2802887	           0.3816376	          -0.2800446	           0.3815002	          -0.6408997	          -0.2578125
1.0594e+010	           -0.674469	          -0.2184448	          -0.2767639	           0.3824005	          -0.2770081	           0.3821869	          -0.6454468	          -0.2528687
1.0615e+010	          -0.6769714	          -0.2181396	          -0.2740326	           0.3831329	          -0.2739868	           0.3828888	          -0.6501465	          -0.2536011
1.0636e+010	          -0.6790466	          -0.2154541	          -0.2709351	           0.3835297	          -0.2714996	           0.3832245	          -0.6497498	          -0.2533264
1.0657e+010	          -0.6817627	          -0.2132568	          -0.2682037	           0.3838654	          -0.2681427	           0.3838196	          -0.6524963	          -0.2481079
1.0678e+010	          -0.6850586	          -0.2120361	          -0.2644806	           0.3846436	          -0.2649078	           0.3845673	          -0.6593018	           -0.247406
1.0699e+010	          -0.6860657	          -0.2106934	          -0.2622986	           0.3850708	          -0.2623138	            0.385025	          -0.6607361	          -0.2483521
 1.072e+010	          -0.6888123	          -0.2078857	          -0.2592163	           0.3860321	          -0.2595215	            0.385788	          -0.6625671	          -0.2442627
1.0741e+010	          -0.6914063	            -0.20755	          -0.2564697	            0.386322	           -0.256546	           0.3863831	          -0.6694641	          -0.2415771
1.0762e+010	          -0.6938477	          -0.2064514	          -0.2532959	           0.3870392	          -0.2537689	           0.3868713	           -0.672821	          -0.2428284
1.0783e+010	          -0.6952209	          -0.2042847	          -0.2509308	           0.3878326	          -0.2510529	           0.3877258	          -0.6738892	          -0.2403564
1.0804e+010	          -0.6980591	          -0.2029114	          -0.2476196	           0.3886566	          -0.2480469	           0.3885803	          -0.6798096	          -0.2366943
1.0825e+010	          -0.6996155	          -0.2024841	          -0.2453308	           0.3891449	          -0.2453918	           0.3891449	          -0.6847229	          -0.2378845
1.0846e+010	          -0.7013855	          -0.1999512	          -0.2421417	           0.3899994	          -0.2426147	           0.3900909	          -0.6854553	          -0.2365723
1.0867e+010	            -0.70401	          -0.1978149	          -0.2393188	           0.3907928	           -0.239151	           0.3906555	          -0.6898499	          -0.2322998
1.0888e+010	          -0.7062073	          -0.1972961	          -0.2358704	           0.3912964	          -0.2362671	           0.3907318	          -0.6955566	          -0.2329102
1.0909e+010	          -0.7071533	          -0.1961365	          -0.2335358	           0.3919525	          -0.2337494	            0.391922	          -0.6961365	           -0.233429
 1.093e+010	          -0.7090759	          -0.1934509	          -0.2299347	           0.3924561	          -0.2304382	           0.3925629	          -0.6981812	          -0.2280884
1.0951e+010	          -0.7113953	          -0.1922913	          -0.2268982	           0.3930359	          -0.2270355	           0.3930817	          -0.7039185	           -0.225647
1.0972e+010	          -0.7132568	          -0.1905518	          -0.2236481	           0.3937225	          -0.2241516	           0.3937378	          -0.7055664	          -0.2273254
1.0993e+010	          -0.7146912	          -0.1888428	           -0.220993	           0.3938599	           -0.220993	            0.394104	          -0.7053528	          -0.2242126
1.1014e+010	          -0.7182922	          -0.1873779	          -0.2175293	           0.3939667	          -0.2181549	           0.3938904	          -0.7102966	          -0.2207947
1.1035e+010	          -0.7190857	          -0.1872559	          -0.2149658	            0.394165	          -0.2152863	           0.3941803	          -0.7127686	          -0.2213745
1.1056e+010	          -0.7206116	          -0.1847839	          -0.2117157	           0.3945923	          -0.2121124	           0.3947296	          -0.7109985	          -0.2193298
1.1077e+010	          -0.7223816	           -0.183075	          -0.2093353	           0.3949738	          -0.2091675	           0.3949127	          -0.7137451	          -0.2151489
1.1098e+010	          -0.7250977	          -0.1820679	          -0.2062225	           0.3949127	          -0.2068024	           0.3948517	          -0.7167969	          -0.2152405
1.1119e+010	          -0.7261353	          -0.1801147	          -0.2037354	           0.3950043	           -0.203949	           0.3951416	          -0.7155762	          -0.2145081
 1.114e+010	          -0.7286987	          -0.1770325	          -0.2000732	           0.3953705	           -0.200592	           0.3955536	          -0.7160339	          -0.2086792
1.1161e+010	          -0.7310181	          -0.1765442	           -0.197937	           0.3954773	           -0.197937	           0.3957825	          -0.7203979	          -0.2069397
1.1182e+010	          -0.7322083	          -0.1752625	          -0.1956329	           0.3955994	          -0.1960602	           0.3957214	          -0.7199707	          -0.2081909
1.1203e+010	          -0.7334595	          -0.1729736	          -0.1937256	           0.3957214	          -0.1938934	           0.3957062	          -0.7187805	          -0.2041626
1.1224e+010	          -0.7362061	          -0.1711121	          -0.1905212	           0.3957825	          -0.1911621	           0.3960724	          -0.7229004	          -0.1994019
1.1245e+010	          -0.7373047	          -0.1695557	          -0.1886444	           0.3961792	          -0.1885529	           0.3962555	          -0.7243652	          -0.1997986
1.1266e+010	          -0.7387695	          -0.1663208	          -0.1861115	           0.3967743	          -0.1867828	           0.3970947	          -0.7227173	          -0.1981201
1.1287e+010	           -0.740509	          -0.1642761	          -0.1843414	           0.3969879	          -0.1843719	           0.3972168	           -0.725647	          -0.1931763
1.1308e+010	          -0.7424622	          -0.1628418	          -0.1819458	           0.3970795	          -0.1824341	           0.3972931	          -0.7288513	           -0.192627
1.1329e+010	           -0.743042	          -0.1608887	          -0.1798096	           0.3975067	          -0.1800385	           0.3976898	          -0.7280579	          -0.1916199
 1.135e+010	          -0.7446899	          -0.1579285	          -0.1773529	           0.3980713	          -0.1777039	           0.3983002	          -0.7302551	          -0.1863098
1.1371e+010	          -0.7463989	          -0.1574097	          -0.1757355	           0.3985596	          -0.1757202	           0.3987732	          -0.7352905	          -0.1842957
1.1392e+010	          -0.7471924	          -0.1557007	          -0.1732025	           0.3987885	          -0.1738129	            0.398941	          -0.7359619	          -0.1842957
1.1413e+010	          -0.7485352	          -0.1531982	          -0.1713715	           0.3994904	          -0.1713104	           0.3995819	          -0.7359924	          -0.1792297
1.1434e+010	          -0.7503662	          -0.1510925	          -0.1679077	           0.3999023	          -0.1684113	           0.4003906	          -0.7409973	          -0.1741638
1.1455e+010	           -0.750824	          -0.1503296	          -0.1663666	           0.4005585	          -0.1662903	           0.4007568	          -0.7448425	          -0.1742554
1.1476e+010	          -0.7521057	          -0.1476135	          -0.1636047	           0.4010162	          -0.1640472	           0.4012756	          -0.7437744	          -0.1712646
1.1497e+010	          -0.7532654	          -0.1458435	          -0.1611786	           0.4012756	          -0.1611786	           0.4013062	          -0.7471313	          -0.1651306
1.1518e+010	          -0.7547607	          -0.1443481	          -0.1579742	            0.401947	          -0.1582336	           0.4021606	          -0.7513428	          -0.1634216
1.1539e+010	          -0.7550354	          -0.1427612	          -0.1551971	           0.4019623	          -0.1552734	           0.4021149	          -0.7507629	          -0.1619568
 1.156e+010	          -0.7565308	          -0.1399231	          -0.1527557	           0.4026337	          -0.1531525	            0.403244	          -0.7524719	          -0.1563416
1.1581e+010	          -0.7582397	          -0.1383972	          -0.1499939	           0.4027405	          -0.1500549	           0.4029236	          -0.7568359	          -0.1528625
1.1602e+010	           -0.759552	          -0.1364441	          -0.1466675	           0.4028473	          -0.1470184	           0.4032288	          -0.7565308	          -0.1519165
1.1623e+010	          -0.7606201	          -0.1341553	          -0.1440887	           0.4033813	          -0.1441193	           0.4035034	          -0.7558899	          -0.1471252
1.1644e+010	          -0.7627258	          -0.1326294	           -0.141098	           0.4029694	          -0.1416473	           0.4036407	          -0.7604675	          -0.1427307
1.1665e+010	          -0.7639465	          -0.1324158	          -0.1392822	            0.402771	          -0.1394501	           0.4030457	          -0.7616577	          -0.1434937
1.1686e+010	          -0.7645264	          -0.1303711	          -0.1366882	           0.4024658	          -0.1370239	           0.4029083	          -0.7586975	           -0.140686
1.1707e+010	          -0.7660217	          -0.1280212	          -0.1342926	           0.4029083	          -0.1343536	           0.4032288	          -0.7606506	          -0.1350098
1.1728e+010	          -0.7672424	          -0.1266174	          -0.1318207	           0.4026184	          -0.1321716	           0.4032593	          -0.7635498	          -0.1368103
1.1749e+010	          -0.7681274	          -0.1252441	          -0.1308594	           0.4027557	          -0.1311035	           0.4030762	          -0.7609558	           -0.137207
 1.177e+010	          -0.7692566	          -0.1220398	          -0.1282959	           0.4023438	          -0.1287231	           0.4027863	          -0.7601929	          -0.1321411
1.1791e+010	          -0.7704773	          -0.1199951	          -0.1264801	           0.4022217	          -0.1265106	           0.4025269	          -0.7632141	          -0.1308899
1.1812e+010	          -0.7713318	          -0.1176453	          -0.1242523	           0.4028168	          -0.1247253	           0.4031677	          -0.7616882	          -0.1334229
1.1833e+010	          -0.7720032	          -0.1148987	          -0.1232605	           0.4032135	            -0.12323	           0.4033813	          -0.7602539	           -0.130249
1.1854e+010	          -0.7734985	          -0.1128235	          -0.1213379	           0.4029541	          -0.1219788	           0.4034424	          -0.7642517	          -0.1275635
1.1875e+010	           -0.774353	          -0.1113281	          -0.1200409	           0.4030151	          -0.1199646	           0.4031677	          -0.7641907	          -0.1293335
1.1896e+010	          -0.7740784	          -0.1078186	          -0.1176147	           0.4038239	          -0.1179352	           0.4043427	           -0.760437	          -0.1272278
1.1917e+010	          -0.7749329	          -0.1048889	          -0.1156311	           0.4046326	          -0.1157532	           0.4048767	          -0.7638855	          -0.1221313
1.1938e+010	          -0.7767029	          -0.1030884	          -0.1144562	           0.4045258	          -0.1148224	           0.4049835	          -0.7670898	          -0.1247559
1.1959e+010	          -0.7765808	          -0.1019287	           -0.113205	            0.404892	          -0.1133118	           0.4052277	           -0.763855	          -0.1246338
 1.198e+010	          -0.7763062	          -0.0989075	          -0.1102753	           0.4050293	           -0.110672	           0.4056396	          -0.7637939	          -0.1177368
1.2001e+010	          -0.7774658	          -0.0980225	          -0.1082611	           0.4059448	           -0.108429	           0.4064331	          -0.7680664	          -0.1161194
1.2022e+010	          -0.7781372	          -0.0962524	          -0.1065674	           0.4067841	          -0.1069641	           0.4073792	          -0.7667542	          -0.1185608
1.2043e+010	          -0.7781982	          -0.0933228	          -0.1054688	           0.4071045	          -0.1051483	           0.4073181	          -0.7648621	          -0.1127014
1.2064e+010	          -0.7796021	           -0.090332	          -0.1018219	           0.4066315	          -0.1021881	           0.4072113	          -0.7680054	          -0.1073303
1.2085e+010	          -0.7795715	           -0.089447	          -0.0995178	           0.4072571	          -0.0994568	           0.4076691	          -0.7680664	          -0.1080627
1.2106e+010	          -0.7793274	          -0.0872192	          -0.0971069	           0.4083252	          -0.0974579	           0.4088745	          -0.7652283	          -0.1047974
1.2127e+010	          -0.7811584	          -0.0844727	          -0.0955963	           0.4081116	          -0.0955811	           0.4084015	          -0.7686157	          -0.0988159
1.2148e+010	          -0.7825012	          -0.0836182	          -0.0934601	           0.4074249	          -0.0936127	           0.4078674	          -0.7704773	           -0.098938
1.2169e+010	          -0.7813721	          -0.0821838	           -0.091095	           0.4080048	           -0.091156	           0.4081421	          -0.7660217	          -0.0973816
 1.219e+010	          -0.7818909	          -0.0787354	          -0.0879517	           0.4087067	          -0.0884094	           0.4091644	          -0.7670593	          -0.0914917
1.2211e+010	          -0.7840881	          -0.0770264	          -0.0869293	           0.4090729	          -0.0867462	           0.4091949	          -0.7719727	          -0.0907898
1.2232e+010	          -0.7842407	          -0.0752258	          -0.0854492	           0.4087524	          -0.0856628	           0.4093323	          -0.7690735	           -0.092041
1.2253e+010	          -0.7839966	          -0.0725708	          -0.0831299	           0.4086304	          -0.0831451	           0.4087524	          -0.7660828	          -0.0848694
1.2274e+010	          -0.7850952	          -0.0706177	          -0.0799561	           0.4087524	          -0.0803833	           0.4093018	          -0.7707214	           -0.081665
1.2295e+010	          -0.7853088	          -0.0700378	          -0.0788422	           0.4102783	          -0.0787659	           0.4104004	          -0.7720947	          -0.0844116
1.2316e+010	          -0.7852478	          -0.0663452	          -0.0778351	           0.4107361	          -0.0778351	           0.4112244	          -0.7694702	          -0.0815125
1.2337e+010	          -0.7862244	           -0.063385	          -0.0761719	            0.409729	          -0.0761719	           0.4101105	          -0.7711792	          -0.0755005
1.2358e+010	          -0.7867126	           -0.062561	          -0.0732727	           0.4099426	            -0.07341	           0.4103851	          -0.7725525	          -0.0774841
1.2379e+010	          -0.7855225	          -0.0607605	          -0.0710754	           0.4118195	           -0.071167	            0.411972	          -0.7702332	          -0.0772095
  1.24e+010	          -0.7861328	          -0.0566101	          -0.0695648	           0.4128876	          -0.0699005	           0.4134521	          -0.7736511	          -0.0707397
