! 
! FILENAME AIR
# Hz S RI R 50
2600000000	        -9.6798e-005	        -0.004932642	           0.6808472	          -0.7281189	           0.6833191	          -0.7294312	         0.001784563	         -0.00561738
2606500000	        -0.000838161	        -0.003469825	           0.6768494	          -0.7310791	           0.6795959	          -0.7337036	         0.001235962	        -0.003702521
2613000000	        -0.000990868	         -0.00221014	           0.6730347	           -0.736145	           0.6748047	          -0.7386475	        0.0002817512	        -0.001745343
2619500000	        -0.001164913	        -0.001184702	           0.6695557	          -0.7397156	           0.6708069	          -0.7422791	        0.0006508231	        0.0004603565
2626000000	       -0.0007252693	        0.0006987154	           0.6646118	           -0.743866	           0.6660767	          -0.7466431	        0.0008989573	         0.001802266
2632500000	        0.0003231168	         0.001511455	           0.6601563	          -0.7471619	           0.6612854	          -0.7490234	          0.00152564	         0.002646446
2639000000	         0.001505494	         0.001928926	           0.6558838	           -0.750946	           0.6579895	          -0.7530823	         0.002790689	         0.002423644
2645500000	         0.003445387	         0.001134515	           0.6519165	          -0.7545471	           0.6539917	          -0.7567139	         0.004384279	         0.001493692
2652000000	         0.005376816	        -0.000754833	           0.6481628	          -0.7589111	           0.6495667	          -0.7613525	         0.005960464	          -0.0001719
2658500000	         0.006038427	        -0.002967834	           0.6442871	          -0.7623596	           0.6450195	          -0.7655029	         0.006825686	        -0.002603531
2665000000	         0.006162405	        -0.005671024	           0.6392822	          -0.7669983	           0.6404114	          -0.7698364	          0.00739646	        -0.004962206
2671500000	         0.005136251	        -0.006914377	           0.6348572	          -0.7698975	           0.6355286	          -0.7719116	          0.00654006	        -0.006843805
2678000000	         0.003905773	        -0.008394718	           0.6303406	          -0.7726135	           0.6312256	          -0.7749023	         0.005243301	        -0.007847786
2684500000	         0.002280235	        -0.009438515	            0.625885	          -0.7760925	            0.627533	          -0.7785645	         0.003242016	        -0.008491516
2691000000	        -0.000135899	        -0.009085178	           0.6219788	          -0.7796936	           0.6237793	          -0.7825012	         0.000871658	        -0.007510185
2697500000	        -0.001529217	        -0.008322239	           0.6170044	          -0.7826233	           0.6192627	          -0.7861938	        -0.000959396	        -0.006361485
2704000000	        -0.002815723	        -0.006267548	           0.6131592	          -0.7861328	           0.6140137	          -0.7892761	        -0.002036333	        -0.003132343
2710500000	        -0.002759218	        -0.004256487	           0.6091919	          -0.7886963	            0.610199	          -0.7920532	        -0.002521515	        -0.001090407
2717000000	        -0.002730608	        -0.001843929	           0.6045837	          -0.7922058	           0.6053467	          -0.7960205	        -0.002240181	         0.000352621
2723500000	        -0.001318395	       -0.0001027584	           0.6010742	          -0.7949829	           0.6017456	          -0.7982483	        -0.002339125	          0.00148201
2730000000	         0.000331521	        0.0001880676	           0.5964966	          -0.7991943	           0.5973511	          -0.8019104	       -0.0004376173	         0.001644373
2736500000	         0.002105236	          0.00111711	           0.5917358	          -0.8019104	           0.5934753	          -0.8043213	        0.0007048249	        0.0008658469
2743000000	         0.004277229	         0.000617981	           0.5872498	           -0.805542	           0.5884705	          -0.8094788	          0.00242281	         0.000512481
2749500000	         0.005564928	        -0.000527382	           0.5827942	          -0.8085327	           0.5837708	          -0.8114929	         0.004220247	        -0.000915766
2756000000	         0.006382227	        -0.002446175	           0.5774841	          -0.8114014	           0.5783691	          -0.8145752	          0.00584197	        -0.003517628
2762500000	         0.007359266	        -0.004001856	           0.5732727	          -0.8136597	           0.5740967	           -0.816803	         0.006829262	        -0.005874395
2769000000	         0.007536173	        -0.006976843	           0.5699768	          -0.8166199	           0.5698242	          -0.8194885	         0.006759167	        -0.008513451
2775500000	         0.005799294	        -0.008713245	           0.5656738	          -0.8192444	             0.56604	          -0.8220215	         0.006015778	         -0.01028013
2782000000	         0.004575253	        -0.009715557	           0.5610657	          -0.8227234	           0.5611267	           -0.824707	          0.00416708	           -0.011446
2788500000	         0.002431393	         -0.01003981	           0.5567017	          -0.8244934	           0.5573425	          -0.8266907	           0.0027771	         -0.01174212
2795000000	         0.000219345	         -0.01003456	           0.5524292	          -0.8273315	           0.5535583	          -0.8297424	          0.00048399	         -0.01164865
2801500000	        -0.001631737	        -0.009131908	           0.5487366	          -0.8290405	           0.5504761	          -0.8323975	        -0.001393795	         -0.01076269
2808000000	        -0.002997398	        -0.006839991	            0.545105	          -0.8322754	           0.5457764	          -0.8360901	        -0.003615379	        -0.009057045
2814500000	        -0.003893614	        -0.004953623	           0.5415039	          -0.8356628	            0.541748	          -0.8385315	        -0.004990339	        -0.007264614
2821000000	        -0.004335165	        -0.002700567	            0.537323	          -0.8392029	           0.5374146	          -0.8417664	         -0.00518918	         -0.00472784
2827500000	         -0.00339663	        -0.000483632	           0.5330505	          -0.8418884	           0.5333862	          -0.8440857	        -0.004070282	        -0.002921581
2834000000	        -0.002033949	         0.001372457	           0.5281372	          -0.8450623	           0.5281982	          -0.8469849	        -0.002487659	        -0.001897454
2840500000	        -0.000286102	         0.002142549	           0.5231018	          -0.8477478	           0.5239868	          -0.8492432	       -5.13792e-005	          -0.0013659
2847000000	          0.00240016	         0.001828671	           0.5181274	          -0.8499146	           0.5185547	          -0.8504639	         0.003330588	        -0.002856374
2853500000	         0.004903316	         0.000412703	           0.5134583	          -0.8506775	           0.5148621	          -0.8534546	         0.005509377	        -0.004514217
2860000000	         0.006234884	        -0.001548529	           0.5101013	          -0.8529663	           0.5105591	          -0.8556213	         0.007301807	        -0.007169008
2866500000	          0.00721097	        -0.004520178	           0.5070496	          -0.8539734	           0.5069275	          -0.8574219	          0.00845623	        -0.009635925
2873000000	          0.00677228	        -0.007003069	           0.5031128	          -0.8573303	           0.5024109	          -0.8591919	         0.008786201	         -0.01237535
2879500000	         0.006239414	        -0.008861542	            0.499939	          -0.8604126	           0.4999084	          -0.8608704	         0.007567406	         -0.01523161
2886000000	         0.003719807	         -0.01109362	           0.4960938	          -0.8631592	            0.496582	          -0.8642273	          0.00489807	         -0.01687908
2892500000	         0.001284599	         -0.01178741	           0.4927368	          -0.8659363	           0.4935608	          -0.8678589	          0.00215435	         -0.01792812
2899000000	        -0.001979828	         -0.01233578	           0.4880981	          -0.8694458	           0.4882507	           -0.871521	         -0.00171375	         -0.01777744
2905500000	        -0.004444599	         -0.01132727	           0.4837036	          -0.8722229	           0.4834595	          -0.8739319	         -0.00472736	         -0.01683044
2912000000	        -0.006910801	        -0.009239674	           0.4790955	          -0.8747559	           0.4782104	          -0.8763428	        -0.006664276	         -0.01532936
2918500000	        -0.008148193	        -0.007543564	           0.4752502	          -0.8774414	           0.4754639	          -0.8781433	        -0.006913662	         -0.01310015
2925000000	        -0.009168148	        -0.002932072	           0.4700928	          -0.8800964	           0.4707642	          -0.8813782	         -0.00723362	        -0.008874416
2931500000	        -0.008250237	        -0.000186443	             0.46521	          -0.8825989	           0.4662781	          -0.8840332	        -0.006476879	        -0.004435539
2938000000	        -0.005878687	         0.001250982	           0.4599609	          -0.8852844	           0.4611511	           -0.885498	        -0.004318714	        -0.002619505
2944500000	        -0.002839804	         0.002214074	           0.4562683	          -0.8865356	           0.4575806	          -0.8876953	        -0.000903606	        -0.002199173
2951000000	       -0.0001700521	         0.001827061	           0.4517517	          -0.8883667	           0.4523315	          -0.8892517	         0.002774477	        -0.002181768
2957500000	         0.002174377	         0.000910878	           0.4480286	          -0.8898621	           0.4481506	          -0.8908081	         0.005356312	        -0.002788782
2964000000	          0.00397563	        -0.001384735	            0.443634	          -0.8915405	           0.4437561	            -0.89151	         0.007017851	        -0.004869938
2970500000	         0.004764557	        -0.003129244	           0.4403687	          -0.8929749	           0.4407654	          -0.8924561	         0.008233547	        -0.006724358
2977000000	         0.004322529	        -0.005879402	           0.4375305	           -0.895813	           0.4385071	          -0.8948059	         0.008069038	        -0.008419037
2983500000	         0.004272223	        -0.007760048	           0.4344177	          -0.8987732	           0.4353638	          -0.8983459	         0.007718086	        -0.009736538
2990000000	         0.002756119	        -0.009258747	           0.4298096	           -0.901886	           0.4309387	          -0.9022217	         0.005952835	         -0.01116991
2996500000	         0.001297474	          -0.0111289	           0.4255066	          -0.9050598	           0.4266663	           -0.905426	         0.004256248	         -0.01188231
3003000000	        -0.001247883	         -0.01073933	           0.4198303	          -0.9077148	           0.4218445	          -0.9073792	         0.001551628	         -0.01195526
3009500000	         -0.00344038	         -0.01048946	           0.4152832	          -0.9098206	           0.4174805	          -0.9103699	        -0.000589371	         -0.01135969
3016000000	        -0.005554199	        -0.008962631	            0.410614	          -0.9124146	           0.4125061	          -0.9127502	        -0.002391815	        -0.009856224
3022500000	        -0.006143332	        -0.007204056	           0.4060059	          -0.9148254	           0.4078369	          -0.9152832	        -0.003195763	        -0.008052349
3029000000	        -0.006646156	        -0.004738092	           0.3999023	          -0.9150391	           0.4025574	          -0.9171753	        -0.003269196	        -0.005329609
3035500000	        -0.006375551	        -0.002650499	           0.3955994	           -0.916687	           0.3981628	          -0.9181824	        -0.002528429	        -0.003597975
3042000000	        -0.004667997	        -0.000651836	           0.3919373	          -0.9187622	           0.3936462	           -0.919281	       -0.0005914569	        -0.001931071
3048500000	        -0.002434015	          0.00061357	           0.3878479	          -0.9190369	             0.38974	          -0.9198608	         0.001259029	        -0.000433147
3055000000	       -0.0004525781	         0.001123726	           0.3836975	          -0.9208984	           0.3859558	          -0.9213257	         0.003310442	         0.000396848
3061500000	         0.002415895	         0.001040101	           0.3806458	          -0.9215088	           0.3842773	          -0.9237366	         0.005682468	          0.00149107
3068000000	         0.005171061	        -0.000155926	           0.3777771	          -0.9241638	           0.3809509	          -0.9273987	         0.007802725	         0.000372887
3074500000	          0.00642252	        -0.002157688	           0.3741455	          -0.9278259	           0.3761292	          -0.9305725	         0.008412838	        -0.001160145
3081000000	         0.006867409	        -0.004120827	           0.3691101	          -0.9311829	           0.3709106	          -0.9336548	         0.008406639	        -0.003025532
3087500000	         0.006868124	        -0.006044626	            0.363739	          -0.9328003	           0.3660889	          -0.9353943	         0.008197784	         -0.00484705
3094000000	         0.006554127	        -0.007802486	           0.3579407	           -0.933197	           0.3613281	          -0.9378967	         0.006202221	         -0.00692749
3100500000	         0.005428791	         -0.01057291	           0.3548584	          -0.9352112	           0.3571167	          -0.9407043	         0.004252911	        -0.008881092
3107000000	         0.003332138	         -0.01218605	           0.3507385	          -0.9388733	           0.3505554	           -0.943573	         0.002067089	         -0.01100206
3113500000	         0.000742435	         -0.01346493	           0.3448486	          -0.9414063	           0.3442383	          -0.9459534	        -0.001338959	         -0.01170301
3120000000	        -0.001536846	         -0.01261282	           0.3379211	          -0.9432983	           0.3383179	          -0.9461365	        -0.003426075	         -0.01217842
3126500000	        -0.002771378	         -0.01251173	           0.3334656	          -0.9443359	           0.3339844	          -0.9460449	        -0.005276203	         -0.01162577
3133000000	        -0.004502296	         -0.01141834	           0.3284302	          -0.9439697	           0.3310852	           -0.946991	        -0.006662369	         -0.01090622
3139500000	        -0.005478382	         -0.01025724	            0.324707	          -0.9447021	           0.3272095	          -0.9496765	        -0.007658005	        -0.009539604
3146000000	        -0.006646633	        -0.008286953	           0.3212585	          -0.9465637	           0.3222351	          -0.9528198	         -0.00767374	        -0.007901192
3152500000	        -0.006882429	        -0.005829573	           0.3175964	          -0.9482422	           0.3172302	          -0.9545288	        -0.007531404	        -0.005546093
3159000000	        -0.005983591	        -0.002953529	            0.313385	          -0.9490967	           0.3115845	          -0.9561462	        -0.006329298	        -0.003171444
3165500000	        -0.005200148	        -0.000519276	           0.3085632	          -0.9505005	           0.3067627	          -0.9563904	        -0.005465508	        -0.001611471
3172000000	        -0.002648115	         0.001575708	           0.3043518	          -0.9526062	           0.3015442	          -0.9570007	        -0.003650784	        -0.000836253
3178500000	        -0.001137376	         0.001545966	           0.3001709	          -0.9536743	           0.2973633	          -0.9580994	        -0.002560854	          -0.0004704
3185000000	        0.0002906919	        0.0001730621	            0.295929	          -0.9559631	           0.2940979	          -0.9598999	        -0.001291215	        -0.001113117
3191500000	        0.0008713603	       -0.0005001724	           0.2917175	          -0.9573669	           0.2894897	          -0.9624939	         -0.00060606	        -0.002781868
3198000000	         0.001255751	        -0.002177954	           0.2870483	          -0.9595947	           0.2829285	          -0.9647827	         9.4652e-005	        -0.004782915
3204500000	         0.002223372	        -0.003023148	           0.2812195	          -0.9614868	           0.2758179	          -0.9651794	          4.292e-006	        -0.007006407
3211000000	         0.002027512	        -0.005336761	           0.2746887	          -0.9628296	           0.2697449	          -0.9650879	         7.3433e-005	        -0.009141922
3217500000	         0.001740456	        -0.007401943	           0.2700195	          -0.9627991	           0.2663574	          -0.9637146	        -0.000687599	         -0.01143122
3224000000	        -0.000462055	        -0.009130478	           0.2658997	          -0.9620056	           0.2633972	          -0.9651489	        -0.001841545	         -0.01300764
3230500000	        -0.002495766	        -0.009349346	           0.2621155	          -0.9629517	           0.2600098	          -0.9671631	         -0.00336504	         -0.01390314
3237000000	        -0.004457474	        -0.008547306	           0.2585754	          -0.9653931	           0.2532349	          -0.9691772	        -0.004631042	         -0.01386929
3243500000	        -0.005690575	        -0.007019997	             0.25354	          -0.9672852	           0.2471008	          -0.9700623	        -0.006234646	         -0.01270294
3250000000	        -0.005751848	        -0.005204916	            0.247345	          -0.9692078	           0.2403564	          -0.9694214	         -0.00703001	         -0.01156759
3256500000	        -0.005580425	        -0.004706383	           0.2423096	          -0.9682312	           0.2368469	          -0.9673462	        -0.007465363	         -0.01105785
3263000000	        -0.006308317	        -0.004195929	           0.2374268	          -0.9685669	           0.2340393	          -0.9670715	        -0.008112431	        -0.009372711
3269500000	        -0.007118225	        -0.002825022	           0.2344055	          -0.9689026	            0.231781	          -0.9680481	        -0.008508205	        -0.008181095
3276000000	        -0.006900311	         -0.00133276	           0.2300415	           -0.968811	           0.2266846	          -0.9702759	        -0.008255959	        -0.006810188
3282500000	         -0.00577879	         0.000436306	           0.2271423	          -0.9706726	           0.2218323	          -0.9710083	        -0.006796122	        -0.005982399
3289000000	        -0.004536867	         0.001274824	           0.2222595	          -0.9721069	           0.2157898	          -0.9712524	        -0.005142927	        -0.006095648
3295500000	         -0.00220871	         0.000976324	           0.2176208	          -0.9740906	           0.2113342	          -0.9702148	        -0.003590107	        -0.006599188
3302000000	       -0.0009972453	        -0.000145793	           0.2113647	          -0.9740601	           0.2071838	          -0.9707031	        -0.001237631	         -0.00779438
3308500000	        0.0003322959	        -0.001937211	           0.2062988	           -0.973877	           0.2035828	          -0.9700623	        -0.000209332	        -0.009904861
3315000000	         0.000998497	        -0.004044056	           0.2008667	           -0.973999	           0.1982117	          -0.9713745	         0.001417637	         -0.01218128
3321500000	         0.001232624	        -0.005891323	           0.1972961	          -0.9738159	           0.1933594	          -0.9706116	         0.002579212	         -0.01447773
3328000000	         0.000247002	        -0.007700443	           0.1923523	          -0.9735718	           0.1886902	          -0.9684753	          0.00269318	          -0.0169611
3334500000	        -0.000528812	        -0.009849548	           0.1882629	          -0.9736023	              0.1875	          -0.9664917	          0.00161457	         -0.01859665
3341000000	        -0.002735138	         -0.01012659	           0.1837769	          -0.9732056	           0.1869202	          -0.9661255	          0.00026703	         -0.01953602
3347500000	         -0.00372839	        -0.009907246	           0.1808472	          -0.9729309	           0.1861267	          -0.9683533	         -0.00135136	         -0.01969719
3354000000	        -0.005056381	        -0.008621693	           0.1776428	          -0.9729004	           0.1831665	          -0.9728088	         -0.00229168	         -0.01845074
3360500000	        -0.005821705	        -0.008610249	           0.1748962	          -0.9739685	           0.1771851	          -0.9751892	         -0.00383377	         -0.01752281
3367000000	        -0.007404804	        -0.007740736	            0.170105	           -0.975708	           0.1701965	          -0.9746399	         -0.00467968	         -0.01610088
3373500000	        -0.008492947	        -0.006733418	           0.1656494	          -0.9769287	           0.1660767	          -0.9721069	        -0.006198883	         -0.01494455
3380000000	         -0.01028538	        -0.004493237	           0.1594849	          -0.9766541	           0.1644287	          -0.9694519	        -0.006983757	         -0.01321173
3386500000	         -0.01156712	        -0.002144814	           0.1552429	           -0.974762	           0.1642456	          -0.9694214	        -0.008014202	         -0.01224709
3393000000	         -0.01082373	        -0.000218391	           0.1513672	           -0.973114	           0.1630249	          -0.9724731	        -0.008104324	        -0.009649277
3399500000	          -0.0092206	         0.000124931	           0.1497803	          -0.9729309	           0.1608276	          -0.9760437	        -0.006679535	        -0.008674622
3406000000	        -0.006896257	          0.00106144	           0.1473083	          -0.9725952	           0.1554565	          -0.9780579	        -0.004463673	        -0.007006884
3412500000	        -0.003588319	         0.002430677	           0.1445923	          -0.9742737	           0.1513977	          -0.9777222	        -0.001809597	        -0.006844997
3419000000	        -0.002894163	         0.002149463	           0.1404114	           -0.973999	           0.1488953	          -0.9777832	         0.000710726	        -0.006243944
3425500000	         -0.00059092	         0.002404571	           0.1374512	          -0.9732666	           0.1489258	          -0.9798889	         0.002143383	        -0.004988432
3432000000	         0.001544058	         0.001219869	           0.1356812	          -0.9737244	           0.1468506	          -0.9844971	         0.005214214	        -0.004569292
3438500000	         0.001777649	          -0.0001176	           0.1339111	          -0.9753723	           0.1419067	          -0.9898376	         0.005483866	        -0.006031752
3445000000	          0.00147593	        -0.002236366	           0.1308899	          -0.9783936	           0.1328735	          -0.9934082	         0.005832195	         -0.00799036
3451500000	         0.000537753	        -0.003848314	           0.1251526	          -0.9804993	           0.1256714	          -0.9919739	         0.004519463	        -0.008670807
3458000000	         -0.00095582	        -0.004471779	           0.1184387	          -0.9797668	           0.1211548	          -0.9888916	          0.00275898	        -0.009335041
3464500000	        -0.001040697	        -0.004714489	           0.1145325	          -0.9768066	           0.1209717	           -0.987915	         0.001306057	        -0.008393764
3471000000	        -0.000451326	        -0.005549908	           0.1135559	          -0.9723206	           0.1216736	          -0.9906006	          0.00117135	         -0.00589633
3477500000	         -1.502e-005	        -0.007164717	           0.1170044	          -0.9726563	            0.119751	          -0.9963989	         0.003188133	         -0.00522995
3484000000	          -0.0023489	        -0.008950233	           0.1188354	          -0.9776306	           0.1133423	           -1.002808	         0.004093647	        -0.007454395
3490500000	        -0.004714012	        -0.009735107	           0.1161499	          -0.9851074	           0.1050415	           -1.005554	         0.003050804	        -0.009589672
3497000000	        -0.006499767	        -0.007827759	           0.1081543	          -0.9908752	           0.0967407	           -1.005127	         0.000424862	         -0.01000023
3503500000	        -0.006415606	        -0.006625652	           0.1004944	          -0.9914246	           0.0918579	           -1.004333	        -0.001124382	        -0.008572578
3510000000	        -0.006082296	         -0.00575614	             0.09552	           -0.987915	           0.0880127	           -1.004395	        -0.000534058	        -0.006396294
3516500000	        -0.005709648	        -0.005856276	           0.0954895	          -0.9878845	           0.0848999	           -1.006226	         0.000611782	        -0.006132603
3523000000	        -0.006643772	        -0.005620241	           0.0964966	          -0.9917603	           0.0783081	           -1.009216	         0.001064062	        -0.006938457
3529500000	        -0.007004261	        -0.004235983	           0.0939636	          -0.9983215	           0.0720215	           -1.010193	         0.000700712	        -0.007040977
3536000000	        -0.005925655	        -0.003143072	           0.0861206	           -1.005249	           0.0653687	           -1.009338	         -0.00044322	         -0.00668335
3542500000	        -0.005055428	        -0.002845764	           0.0769043	            -1.00769	             0.06073	           -1.009399	        -0.000871658	        -0.005276918
3549000000	        -0.003307104	        -0.003218293	           0.0689087	           -1.004333	           0.0558472	           -1.009277	         -0.00016427	        -0.004106998
3555500000	        -0.002843142	        -0.004257917	            0.065918	           -1.002014	           0.0519409	           -1.010803	         0.000543833	        -0.004937172
3562000000	        -0.003738165	        -0.005093813	           0.0665283	           -1.003296	           0.0444946	           -1.012146	         -2.861e-006	        -0.006296873
3568500000	        -0.004596949	        -0.005063772	           0.0648804	           -1.010498	           0.0386353	           -1.012146	        -0.002144337	        -0.007775307
3575000000	        -0.005163193	        -0.004233599	           0.0562134	           -1.017883	           0.0327148	           -1.010071	        -0.004590511	        -0.007252216
3581500000	        -0.005066872	        -0.004137278	           0.0456543	            -1.02124	             0.02771	           -1.008362	        -0.005984068	        -0.006764412
3588000000	        -0.004438162	         -0.00506568	           0.0328979	           -1.019287	            0.024353	           -1.007385	        -0.006990194	        -0.006962299
3594500000	        -0.005300045	         -0.00587368	           0.0264893	           -1.014587	            0.020813	            -1.00708	        -0.008121967	        -0.007514477
3601000000	        -0.006952286	        -0.006482601	           0.0247192	           -1.010925	           0.0152588	           -1.007874	        -0.009750366	        -0.008654594
3607500000	        -0.008280754	        -0.006070137	           0.0239868	           -1.012939	            0.010437	           -1.007507	         -0.01145077	          -0.0086236
3614000000	        -0.009755611	        -0.004872799	            0.019165	           -1.017517	            0.005188	           -1.005737	          -0.0131402	        -0.007878304
3620500000	        -0.009905338	        -0.003316402	            0.010437	           -1.022522	           0.0011597	           -1.005493	         -0.01380301	        -0.005782127
3627000000	        -0.008873463	        -0.001554489	          -0.0014038	           -1.021667	          -0.0023193	           -1.005005	         -0.01411152	        -0.004546642
3633500000	        -0.009246349	        -0.000257015	          -0.0101929	           -1.018005	          -0.0057373	           -1.006042	           -0.014009	        -0.002876282
3640000000	        -0.009049416	         0.001198292	          -0.0154419	           -1.012939	          -0.0115356	           -1.007629	         -0.01367426	        -0.001625538
3646500000	        -0.008168697	         0.002718925	           -0.017334	            -1.01123	          -0.0184937	           -1.008362	         -0.01321173	        -0.000249386
3653000000	        -0.007651567	         0.004181623	           -0.020874	            -1.01355	           -0.026123	           -1.005676	         -0.01180172	         0.000344753
3659500000	        -0.006114006	          0.00502038	          -0.0283813	           -1.015564	          -0.0315552	           -1.001648	        -0.009395599	         0.000863075
3666000000	        -0.004204988	         0.003210068	          -0.0397339	           -1.013672	          -0.0325928	          -0.9974365	         -0.00748086	        -0.001797438
3672500000	        -0.003684044	         0.002018332	          -0.0466919	           -1.007263	          -0.0337219	          -0.9959412	         -0.00773859	        -0.005912066
3679000000	        -0.004071474	         0.001234293	          -0.0496216	           -1.000793	          -0.0348511	          -0.9980774	        -0.009255886	        -0.006266594
3685500000	        -0.003323197	         0.000645757	          -0.0499573	          -0.9961548	          -0.0392456	           -1.000549	        -0.009634972	        -0.007911205
3692000000	        -0.002887368	         0.000378132	          -0.0498047	          -0.9975281	          -0.0464478	           -1.001465	        -0.008776188	        -0.008372307
3698500000	        -0.001705766	       -0.0002441406	          -0.0537109	          -0.9999084	          -0.0528259	          -0.9990845	        -0.008405209	        -0.008858204
3705000000	         -0.00106132	       -0.0006600618	          -0.0623779	           -1.001221	          -0.0576172	          -0.9957581	        -0.007711411	         -0.01073503
3711500000	        -0.001237988	        -0.001455665	          -0.0704346	          -0.9979858	          -0.0595398	          -0.9932251	        -0.008214474	         -0.01363325
3718000000	         -0.00305295	        -0.003462076	          -0.0751953	           -0.992157	          -0.0619812	           -0.991394	         -0.01046944	         -0.01586342
3724500000	        -0.003602028	         -0.00490427	          -0.0780334	          -0.9870911	          -0.0640259	          -0.9913635	         -0.01161289	         -0.01638985
3731000000	        -0.005568743	        -0.004543304	          -0.0783386	          -0.9837952	          -0.0680237	          -0.9920959	         -0.01318741	         -0.01673031
3737500000	        -0.007034063	        -0.003830671	          -0.0792847	          -0.9829712	          -0.0725403	          -0.9914551	         -0.01440144	         -0.01662922
3744000000	        -0.007674456	        -0.003335476	          -0.0817566	          -0.9823914	           -0.075592	          -0.9899292	         -0.01500988	         -0.01654243
3750500000	        -0.008617878	        -0.002264023	           -0.083313	          -0.9821777	          -0.0783691	          -0.9888306	         -0.01606846	         -0.01536751
3757000000	        -0.008934498	        -0.000749588	          -0.0863342	          -0.9824829	           -0.080658	          -0.9883423	         -0.01637363	         -0.01357079
3763500000	        -0.008089066	         0.000304222	          -0.0886841	          -0.9822693	          -0.0840454	           -0.989624	         -0.01599598	         -0.01182652
3770000000	        -0.007294178	         0.001618147	          -0.0928955	          -0.9828796	          -0.0875244	          -0.9912109	         -0.01471519	          -0.0105648
3776500000	        -0.006739616	         0.001431227	          -0.0974121	          -0.9832458	          -0.0929871	          -0.9909668	         -0.01296186	         -0.01087379
3783000000	        -0.005648851	         0.001081228	          -0.1039124	            -0.98172	          -0.0989685	          -0.9897461	         -0.01198292	         -0.01229334
3789500000	        -0.005699396	         0.000871897	          -0.1072083	          -0.9786072	          -0.1025696	          -0.9867859	         -0.01283169	         -0.01265097
3796000000	        -0.005545616	         0.000635862	          -0.1092834	          -0.9753723	          -0.1052246	          -0.9841003	         -0.01375628	         -0.01240301
3802500000	         -0.00584054	         0.000800848	          -0.1102905	          -0.9721069	          -0.1066284	          -0.9842529	         -0.01323795	         -0.01075935
3809000000	        -0.004758835	          0.00177002	          -0.1095886	          -0.9729004	          -0.1086121	          -0.9840698	         -0.01041555	        -0.009278297
3815500000	        -0.003587127	         0.001139402	          -0.1107483	          -0.9733276	          -0.1109619	           -0.985199	        -0.008514404	        -0.009633064
3822000000	        -0.003114581	        -5.1379e-005	          -0.1138916	          -0.9761658	          -0.1156616	          -0.9857788	        -0.006402969	         -0.01096916
3828500000	        -0.002871513	        -0.000737906	          -0.1176453	          -0.9768066	          -0.1193542	          -0.9859924	        -0.005747318	           -0.011868
3835000000	        -0.003860354	        -0.002260685	          -0.1222534	          -0.9754333	          -0.1237488	          -0.9858398	        -0.005623341	         -0.01263285
3841500000	         -0.00443387	        -0.002867222	          -0.1241455	          -0.9751282	          -0.1267395	          -0.9850769	         -0.00545311	          -0.0131979
3848000000	        -0.005601168	        -0.003062487	            -0.12677	          -0.9749756	          -0.1305237	           -0.985321	        -0.005349159	         -0.01244211
3854500000	        -0.005950451	        -0.003125668	          -0.1290588	          -0.9768982	          -0.1341553	          -0.9859009	        -0.005091667	         -0.01289606
3861000000	        -0.006900787	        -0.002910614	          -0.1340332	          -0.9784241	          -0.1393127	          -0.9853821	         -0.00565052	         -0.01303101
3867500000	        -0.007790804	        -0.001966953	          -0.1381836	          -0.9782104	          -0.1423035	          -0.9837341	        -0.005793095	         -0.01252365
3874000000	        -0.007497311	        -0.001759291	          -0.1424561	          -0.9766235	          -0.1456299	          -0.9845581	        -0.005945683	         -0.01178694
3880500000	        -0.007190466	        -0.001374006	          -0.1451416	          -0.9739075	          -0.1482239	          -0.9839783	        -0.006055832	         -0.00959301
3887000000	        -0.006858826	        -0.001007795	          -0.1453247	          -0.9747925	          -0.1522827	          -0.9856567	        -0.003925323	        -0.009638309
3893500000	        -0.006647348	        -0.001652956	           -0.146637	          -0.9772949	          -0.1566772	          -0.9864807	        -0.003377438	        -0.009939194
3900000000	        -0.007038116	        -0.001115561	          -0.1515808	           -0.981842	          -0.1634521	          -0.9862976	        -0.004223824	         -0.01036644
