! 
! FILENAME FOAM_25mm
# Hz S RI R 50
2600000000	          -0.5096741	           0.1044006	            0.006012	          -0.6396179	           -0.001709	          -0.6472168	          -0.5245667	           0.0959473
2606500000	          -0.5072937	           0.1088867	           0.0022888	          -0.6410828	          -0.0066528	          -0.6485901	          -0.5216675	           0.1004639
2613000000	          -0.5055237	           0.1113892	          -0.0018311	          -0.6437378	          -0.0110168	          -0.6495972	          -0.5188904	           0.1026306
2619500000	          -0.5025024	           0.1157837	          -0.0056763	          -0.6447144	          -0.0145874	          -0.6498718	           -0.515564	           0.1070251
2626000000	           -0.499649	           0.1178284	          -0.0096436	          -0.6459961	          -0.0173645	          -0.6513062	           -0.512146	           0.1086121
2632500000	          -0.4952087	           0.1210175	          -0.0132751	          -0.6471863	          -0.0202637	          -0.6533813	          -0.5080872	            0.111969
2639000000	          -0.4911652	           0.1208954	          -0.0173035	          -0.6493225	          -0.0247803	          -0.6560974	          -0.5042725	           0.1124268
2645500000	          -0.4872131	           0.1226349	           -0.021759	          -0.6507263	          -0.0303955	          -0.6575928	          -0.4999695	           0.1143799
2652000000	          -0.4842529	            0.121109	          -0.0270691	          -0.6521301	           -0.036377	          -0.6584473	          -0.4965057	            0.113205
2658500000	          -0.4817963	           0.1227875	          -0.0323486	          -0.6520081	          -0.0413513	          -0.6569519	          -0.4936829	            0.114563
2665000000	          -0.4803772	           0.1225739	           -0.037323	          -0.6515503	          -0.0448608	           -0.655365	          -0.4920654	           0.1132355
2671500000	          -0.4786835	           0.1243591	          -0.0407104	          -0.6505432	          -0.0476379	          -0.6551819	          -0.4904633	            0.114624
2678000000	          -0.4780426	           0.1242371	          -0.0440369	          -0.6504517	          -0.0508728	          -0.6555481	          -0.4903107	           0.1145477
2684500000	          -0.4772339	           0.1271362	           -0.046814	           -0.651062	          -0.0542908	          -0.6560974	          -0.4892883	           0.1176453
2691000000	          -0.4767914	           0.1286621	           -0.050354	          -0.6521301	          -0.0589294	           -0.656311	          -0.4887543	           0.1193237
2697500000	          -0.4749908	           0.1324158	          -0.0542297	          -0.6522217	          -0.0617065	          -0.6554565	          -0.4868317	           0.1233368
2704000000	          -0.4727631	           0.1351776	          -0.0582275	          -0.6523743	          -0.0640564	          -0.6548462	          -0.4845123	           0.1256409
2710500000	          -0.4690552	           0.1392822	          -0.0605164	          -0.6522217	          -0.0653381	          -0.6556396	          -0.4809723	           0.1294098
2717000000	          -0.4651794	           0.1407318	          -0.0632935	          -0.6531677	           -0.067688	          -0.6577148	          -0.4773407	           0.1311035
2723500000	          -0.4612122	           0.1437836	          -0.0658264	          -0.6545715	          -0.0707397	          -0.6599426	           -0.473175	           0.1341553
2730000000	          -0.4576874	           0.1444855	          -0.0697021	          -0.6562805	          -0.0752869	           -0.661438	           -0.469223	           0.1347351
2736500000	          -0.4539185	           0.1464233	          -0.0740051	          -0.6573792	          -0.0796509	          -0.6620789	          -0.4648285	           0.1367188
2743000000	          -0.4507446	            0.145813	          -0.0791016	          -0.6579285	           -0.084137	          -0.6616516	          -0.4611511	           0.1355591
2749500000	          -0.4475708	           0.1467896	          -0.0828857	          -0.6579895	          -0.0870056	          -0.6620483	          -0.4579773	           0.1361542
2756000000	          -0.4451294	           0.1449432	          -0.0871277	          -0.6577148	           -0.090271	          -0.6626282	          -0.4560089	             0.13414
2762500000	          -0.4431763	           0.1454163	          -0.0900574	          -0.6581421	          -0.0937805	          -0.6639404	          -0.4543915	           0.1350861
2769000000	           -0.441803	            0.144043	          -0.0940552	          -0.6585388	          -0.0982361	          -0.6647034	          -0.4536743	           0.1342163
2775500000	          -0.4404755	           0.1460419	           -0.098053	          -0.6592407	          -0.1023254	          -0.6651001	          -0.4523468	           0.1360321
2782000000	          -0.4394836	           0.1462402	           -0.102417	          -0.6585083	          -0.1064148	          -0.6644287	          -0.4515686	              0.1362
2788500000	          -0.4378052	           0.1491241	          -0.1054077	          -0.6578369	          -0.1087952	          -0.6643372	          -0.4503021	           0.1392059
2795000000	          -0.4368896	           0.1510773	          -0.1080933	          -0.6571655	          -0.1118164	          -0.6644287	          -0.4492035	           0.1407471
2801500000	          -0.4347534	           0.1549377	          -0.1102905	          -0.6581421	          -0.1150513	          -0.6653137	          -0.4472656	           0.1443634
2808000000	          -0.4325409	           0.1567078	          -0.1135254	           -0.658905	          -0.1188354	          -0.6655273	          -0.4447784	           0.1465302
2814500000	          -0.4295654	           0.1601868	          -0.1171265	          -0.6601257	          -0.1219177	          -0.6660767	          -0.4414825	           0.1503601
2821000000	          -0.4263763	           0.1613922	          -0.1211243	          -0.6604309	          -0.1246643	          -0.6661987	          -0.4376678	           0.1514893
2827500000	          -0.4223022	           0.1637878	          -0.1247864	          -0.6607666	          -0.1273193	          -0.6673584	          -0.4335022	           0.1538391
2834000000	          -0.4179993	           0.1641998	           -0.128418	          -0.6607971	          -0.1305542	          -0.6685181	          -0.4295807	           0.1534882
2840500000	          -0.4131317	           0.1654816	          -0.1314392	          -0.6611023	          -0.1346741	          -0.6703491	          -0.4257202	           0.1546783
2847000000	          -0.4085083	           0.1642456	          -0.1348572	           -0.661377	          -0.1393127	          -0.6713562	          -0.4222565	           0.1534576
2853500000	          -0.4045258	           0.1645355	          -0.1382141	          -0.6625061	          -0.1439819	          -0.6719971	          -0.4191437	           0.1539459
2860000000	          -0.4024048	           0.1624146	          -0.1419067	           -0.663147	           -0.148407	          -0.6716309	          -0.4173431	           0.1518097
2866500000	          -0.4006042	           0.1623688	          -0.1465759	          -0.6641846	          -0.1523743	          -0.6715698	           -0.415863	           0.1519775
2873000000	          -0.4008789	           0.1612396	          -0.1510925	          -0.6645508	          -0.1560974	          -0.6717529	          -0.4156799	           0.1504364
2879500000	          -0.4004517	           0.1621246	          -0.1555786	          -0.6646729	          -0.1602478	          -0.6726074	          -0.4154205	           0.1516266
2886000000	          -0.4015503	           0.1622925	            -0.15979	           -0.664093	          -0.1653748	          -0.6731567	          -0.4155884	           0.1516724
2892500000	          -0.4012299	           0.1646118	          -0.1638794	           -0.664093	          -0.1705933	          -0.6723633	          -0.4151154	           0.1540833
2899000000	          -0.4008636	           0.1660309	          -0.1683655	          -0.6633301	          -0.1752319	          -0.6703186	          -0.4145508	            0.155426
2905500000	           -0.399231	           0.1695404	          -0.1723633	          -0.6627502	           -0.178009	          -0.6688538	          -0.4127197	           0.1587677
2912000000	          -0.3971558	           0.1720581	          -0.1755676	          -0.6620178	          -0.1800842	          -0.6686096	          -0.4104309	           0.1606293
2918500000	           -0.393158	           0.1754761	          -0.1790161	          -0.6619263	          -0.1829224	          -0.6696472	          -0.4067078	           0.1638641
2925000000	          -0.3880005	           0.1771698	          -0.1824951	          -0.6615601	          -0.1872864	          -0.6700134	          -0.4020844	           0.1672211
2931500000	          -0.3831329	           0.1811523	           -0.186554	          -0.6609802	          -0.1923523	          -0.6694641	           -0.397522	           0.1699677
2938000000	          -0.3791656	           0.1817627	          -0.1903076	          -0.6604919	          -0.1968384	          -0.6681213	          -0.3932648	           0.1699066
2944500000	          -0.3757172	           0.1825867	          -0.1938782	          -0.6600342	          -0.2007446	          -0.6669922	          -0.3892975	           0.1703644
2951000000	          -0.3721619	           0.1807861	          -0.1973572	          -0.6596069	          -0.2037964	          -0.6659241	          -0.3854218	           0.1684418
2957500000	          -0.3687439	           0.1802826	          -0.2008667	          -0.6591492	           -0.206665	          -0.6657104	          -0.3821716	           0.1681061
2964000000	          -0.3663788	           0.1779022	          -0.2042847	          -0.6589966	          -0.2098389	          -0.6660156	          -0.3798676	           0.1653442
2970500000	          -0.3641815	           0.1770325	          -0.2079163	          -0.6593323	          -0.2132568	          -0.6664124	          -0.3779144	           0.1650696
2977000000	          -0.3633575	           0.1745453	          -0.2120361	           -0.659729	          -0.2185059	           -0.666748	          -0.3765259	            0.162735
2983500000	          -0.3630371	           0.1753082	          -0.2166748	          -0.6594849	          -0.2232056	          -0.6655884	          -0.3754272	            0.163208
2990000000	           -0.363205	           0.1751862	          -0.2216797	          -0.6585999	          -0.2284241	          -0.6643982	          -0.3755035	           0.1625366
2996500000	           -0.362854	           0.1773376	          -0.2259827	          -0.6571045	          -0.2322388	          -0.6627502	          -0.3748474	           0.1643829
3003000000	           -0.362793	           0.1786346	          -0.2299805	          -0.6556702	          -0.2361755	          -0.6616211	          -0.3744965	           0.1654358
3009500000	          -0.3617401	            0.181015	          -0.2336426	          -0.6550598	          -0.2404785	          -0.6606445	          -0.3731537	           0.1682129
3016000000	           -0.360733	           0.1825562	          -0.2383118	          -0.6539612	          -0.2457581	          -0.6592102	          -0.3716888	           0.1699829
3022500000	          -0.3587036	           0.1854248	          -0.2423706	          -0.6523132	          -0.2496643	          -0.6568604	          -0.3690643	           0.1729126
3029000000	          -0.3558197	           0.1871185	          -0.2464294	          -0.6500549	          -0.2528381	          -0.6545715	          -0.3658752	           0.1742859
3035500000	          -0.3517914	           0.1893463	           -0.249115	          -0.6486206	          -0.2553711	          -0.6531067	          -0.3619537	           0.1762238
3042000000	          -0.3472443	           0.1893921	          -0.2521362	          -0.6477356	           -0.258667	          -0.6526489	          -0.3578339	            0.176239
3048500000	          -0.3429108	           0.1902771	          -0.2550659	          -0.6472778	          -0.2622375	          -0.6521912	          -0.3535919	           0.1772614
3055000000	          -0.3394623	           0.1895905	          -0.2590027	          -0.6468506	          -0.2666321	          -0.6510315	          -0.3494415	           0.1762848
3061500000	          -0.3360291	            0.190033	          -0.2630005	          -0.6459045	          -0.2704773	          -0.6491394	          -0.3457336	           0.1763458
3068000000	          -0.3334351	            0.188797	          -0.2680969	          -0.6446838	          -0.2745667	           -0.646698	          -0.3426666	             0.17453
3074500000	          -0.3309784	           0.1887665	          -0.2720337	          -0.6430359	           -0.277771	          -0.6445618	            -0.33992	           0.1740875
3081000000	           -0.329361	           0.1866302	           -0.276001	          -0.6404114	          -0.2813721	          -0.6427612	          -0.3382111	           0.1719208
3087500000	          -0.3277893	           0.1859741	          -0.2786255	          -0.6386414	          -0.2843933	           -0.641571	          -0.3368683	           0.1715393
3094000000	          -0.3273926	           0.1838837	           -0.282135	          -0.6372986	          -0.2883911	          -0.6399231	          -0.3365021	           0.1698151
3100500000	          -0.3267365	             0.18396	          -0.2857056	          -0.6363525	          -0.2918396	          -0.6379089	          -0.3360596	            0.170166
3107000000	          -0.3265228	           0.1835327	          -0.2904663	          -0.6347351	           -0.295166	          -0.6350708	          -0.3360291	           0.1697083
3113500000	          -0.3253632	           0.1848145	          -0.2941284	          -0.6321716	           -0.296936	          -0.6333008	           -0.335434	           0.1708527
3120000000	          -0.3246002	           0.1852112	           -0.296936	          -0.6286316	          -0.2989807	          -0.6321716	          -0.3351746	           0.1711731
3126500000	          -0.3235168	           0.1873627	          -0.2983398	          -0.6268616	          -0.3015137	          -0.6322937	          -0.3344116	           0.1732025
3133000000	          -0.3223572	           0.1885376	          -0.3006287	          -0.6260376	          -0.3059387	          -0.6313477	          -0.3331909	           0.1745911
3139500000	          -0.3202515	           0.1908875	          -0.3036194	          -0.6260376	          -0.3103027	          -0.6294861	          -0.3306732	           0.1768646
3146000000	          -0.3174896	           0.1917725	          -0.3079224	          -0.6251221	           -0.314209	          -0.6260986	          -0.3274231	           0.1778107
3152500000	          -0.3140717	           0.1936035	          -0.3116455	          -0.6237793	           -0.315979	          -0.6239624	          -0.3233948	           0.1792145
3159000000	          -0.3101349	           0.1932068	          -0.3153992	            -0.62146	          -0.3177185	          -0.6226196	          -0.3196411	           0.1787262
3165500000	          -0.3058929	           0.1940002	          -0.3182678	          -0.6203003	          -0.3199158	          -0.6228027	          -0.3158264	           0.1794128
3172000000	           -0.301651	           0.1931305	          -0.3218994	          -0.6189575	          -0.3240051	          -0.6226196	          -0.3119507	           0.1786652
3178500000	          -0.2976227	           0.1929932	          -0.3254089	          -0.6181335	          -0.3280029	          -0.6221313	          -0.3085327	           0.1787872
3185000000	          -0.2941742	           0.1915741	          -0.3295593	          -0.6165771	          -0.3326111	           -0.619812	          -0.3053894	            0.177002
3191500000	          -0.2913666	             0.19104	          -0.3331604	          -0.6148682	          -0.3356934	          -0.6177368	          -0.3030396	           0.1762085
3198000000	          -0.2891235	           0.1889038	          -0.3373108	           -0.611908	           -0.338623	          -0.6149902	          -0.3013458	           0.1740112
3204500000	          -0.2875977	           0.1882782	          -0.3401489	          -0.6099548	          -0.3408203	          -0.6136169	          -0.3002319	           0.1735077
3211000000	          -0.2866974	           0.1864624	          -0.3429565	          -0.6073914	          -0.3435669	          -0.6122742	          -0.2997437	           0.1719513
3217500000	          -0.2853851	            0.186264	          -0.3452148	          -0.6062012	          -0.3470764	          -0.6115723	          -0.2987823	           0.1723175
3224000000	          -0.2848206	           0.1851654	          -0.3483887	          -0.6048279	          -0.3511047	          -0.6097717	          -0.2980804	           0.1714478
3230500000	          -0.2836761	           0.1854553	          -0.3517761	          -0.6037903	          -0.3540649	          -0.6078186	          -0.2968445	           0.1719666
3237000000	          -0.2826385	           0.1851501	          -0.3554688	          -0.6017456	          -0.3568115	          -0.6052856	          -0.2957916	           0.1717224
3243500000	          -0.2809906	           0.1866913	          -0.3583984	          -0.5998535	          -0.3588562	          -0.6040039	          -0.2941589	           0.1728973
3250000000	          -0.2792969	           0.1876678	          -0.3608398	          -0.5975952	          -0.3616028	          -0.6031799	          -0.2926941	           0.1735229
3256500000	          -0.2766876	            0.189682	          -0.3632813	          -0.5968933	           -0.364624	          -0.6032715	          -0.2905579	           0.1755066
3263000000	          -0.2743988	           0.1906738	          -0.3666992	          -0.5961609	          -0.3694153	          -0.6021729	          -0.2878418	           0.1764374
3269500000	          -0.2716064	           0.1920624	          -0.3703308	            -0.59552	          -0.3731689	          -0.6006775	            -0.28479	           0.1778717
3276000000	           -0.269165	           0.1923065	          -0.3746033	          -0.5942383	          -0.3775635	          -0.5983887	          -0.2818298	           0.1777191
3282500000	          -0.2659912	           0.1929321	          -0.3785706	          -0.5926819	          -0.3806458	          -0.5967712	          -0.2788086	           0.1782227
3289000000	          -0.2628479	           0.1916351	          -0.3825073	          -0.5901184	           -0.384491	          -0.5949402	          -0.2759399	           0.1773071
3295500000	          -0.2594299	           0.1912384	          -0.3859558	          -0.5881042	          -0.3877258	          -0.5935059	          -0.2733459	           0.1770325
3302000000	          -0.2562866	           0.1891937	          -0.3894958	          -0.5857239	          -0.3918762	          -0.5911865	          -0.2706299	            0.175293
3308500000	          -0.2535095	           0.1880646	          -0.3927002	          -0.5837097	          -0.3952332	          -0.5891724	          -0.2682343	           0.1746521
3315000000	          -0.2514038	           0.1860352	          -0.3961792	          -0.5811157	          -0.3988647	          -0.5863953	          -0.2662964	           0.1727905
3321500000	          -0.2492981	           0.1853333	           -0.399292	          -0.5787964	          -0.4017639	          -0.5842896	          -0.2643738	           0.1722107
3328000000	          -0.2480698	           0.1837997	          -0.4025879	          -0.5761108	          -0.4046936	          -0.5821533	           -0.263092	           0.1704102
3334500000	          -0.2468109	           0.1837616	          -0.4053955	          -0.5742188	          -0.4078369	          -0.5804138	          -0.2618256	           0.1703491
3341000000	          -0.2463531	           0.1826248	          -0.4084167	           -0.571991	          -0.4115601	          -0.5783997	          -0.2606201	           0.1693573
3347500000	          -0.2457504	           0.1824722	          -0.4111938	          -0.5705261	          -0.4159241	          -0.5765381	          -0.2593994	           0.1694794
3354000000	          -0.2457581	           0.1822662	          -0.4146729	          -0.5687256	          -0.4199829	          -0.5737305	          -0.2583466	           0.1690521
3360500000	          -0.2446747	           0.1831207	          -0.4178467	           -0.566925	          -0.4223938	          -0.5712891	          -0.2570038	            0.169693
3367000000	          -0.2432785	           0.1832352	          -0.4214783	          -0.5644226	          -0.4250183	          -0.5693665	          -0.2557373	           0.1698456
3373500000	           -0.241333	           0.1845169	          -0.4242249	          -0.5626526	          -0.4276123	          -0.5683594	          -0.2538605	            0.171463
3380000000	          -0.2389145	           0.1847687	          -0.4272766	          -0.5603943	          -0.4315491	          -0.5673523	          -0.2517395	            0.172348
3386500000	           -0.236496	           0.1855164	          -0.4299622	          -0.5587463	          -0.4351807	           -0.565979	          -0.2493668	           0.1734161
3393000000	          -0.2352219	           0.1852493	          -0.4333801	           -0.556488	          -0.4394226	          -0.5632019	          -0.2477036	           0.1732254
3399500000	          -0.2335358	           0.1856003	          -0.4365845	          -0.5541382	          -0.4431763	          -0.5609436	          -0.2446136	           0.1743469
3406000000	           -0.231636	            0.185463	          -0.4403076	          -0.5521545	          -0.4470825	          -0.5579224	           -0.241394	           0.1732941
3412500000	          -0.2285233	           0.1850739	          -0.4439697	          -0.5498047	          -0.4501953	           -0.555603	          -0.2390823	           0.1729813
3419000000	          -0.2264633	           0.1834488	          -0.4476624	          -0.5470581	          -0.4546814	          -0.5536194	          -0.2365189	           0.1718369
3425500000	          -0.2239609	            0.183197	          -0.4509277	          -0.5451355	          -0.4584961	             -0.5513	          -0.2335052	           0.1711578
3432000000	          -0.2220993	           0.1815109	           -0.454834	          -0.5423584	           -0.462616	           -0.547699	          -0.2317581	           0.1695404
3438500000	          -0.2201462	           0.1810455	          -0.4578552	          -0.5400085	           -0.465271	          -0.5443115	          -0.2299576	           0.1687088
3445000000	          -0.2184219	           0.1794052	          -0.4612122	          -0.5369873	          -0.4678955	          -0.5407715	          -0.2284546	           0.1668396
3451500000	           -0.216568	           0.1788025	          -0.4638062	          -0.5342712	          -0.4696045	          -0.5384827	          -0.2270126	           0.1664352
3458000000	          -0.2153702	           0.1773071	          -0.4667969	          -0.5310364	          -0.4724121	          -0.5365601	          -0.2259521	           0.1654053
3464500000	          -0.2147827	           0.1772003	          -0.4691772	          -0.5286255	           -0.475769	          -0.5348816	          -0.2245178	           0.1656342
3471000000	          -0.2145157	           0.1764908	            -0.47229	          -0.5255737	          -0.4800415	          -0.5317078	          -0.2232742	           0.1647797
3477500000	          -0.2138824	            0.177063	          -0.4747009	          -0.5235291	          -0.4837036	          -0.5282593	          -0.2219849	           0.1648102
3484000000	          -0.2130737	           0.1771545	          -0.4777832	          -0.5207825	          -0.4867859	          -0.5238647	          -0.2211533	           0.1638718
3490500000	          -0.2113266	           0.1774826	          -0.4804993	          -0.5185547	          -0.4885864	          -0.5207825	          -0.2200851	           0.1638794
3497000000	          -0.2098465	           0.1767502	          -0.4837341	          -0.5152893	          -0.4907532	          -0.5178528	          -0.2189865	           0.1631393
3503500000	          -0.2081757	           0.1767349	          -0.4862976	           -0.513031	          -0.4929504	          -0.5159302	          -0.2176132	           0.1636505
3510000000	          -0.2064056	           0.1758575	          -0.4892273	          -0.5101013	          -0.4960938	          -0.5132751	          -0.2157974	           0.1630859
3516500000	          -0.2044067	           0.1761627	          -0.4915771	          -0.5079346	          -0.4986877	          -0.5108643	          -0.2137451	           0.1632462
3523000000	          -0.2022629	           0.1757355	          -0.4943237	          -0.5053406	          -0.5015869	          -0.5075684	          -0.2117004	           0.1624374
3529500000	          -0.1997681	           0.1760025	          -0.4971008	          -0.5033875	          -0.5037842	          -0.5048828	           -0.209549	           0.1623611
3536000000	          -0.1976471	           0.1752167	          -0.5007019	           -0.500885	          -0.5063171	          -0.5018921	          -0.2074966	           0.1614761
3542500000	          -0.1956177	           0.1748123	          -0.5035706	           -0.498291	          -0.5087891	          -0.4997253	          -0.2054443	           0.1612778
3549000000	          -0.1941147	           0.1735001	          -0.5066528	          -0.4950562	          -0.5119629	          -0.4966431	           -0.203392	           0.1599655
3555500000	          -0.1925812	           0.1729584	          -0.5090027	          -0.4925842	          -0.5148621	          -0.4939575	          -0.2013626	           0.1593246
3562000000	          -0.1913147	           0.1713791	          -0.5117493	           -0.489502	          -0.5175476	           -0.490387	          -0.1997833	           0.1574631
3568500000	          -0.1898193	           0.1704941	          -0.5142212	          -0.4874268	          -0.5195313	          -0.4874573	          -0.1982956	           0.1566772
3575000000	          -0.1884842	           0.1688385	          -0.5176392	          -0.4846191	          -0.5216675	          -0.4842834	          -0.1972504	           0.1552124
3581500000	          -0.1870499	           0.1682281	          -0.5206299	          -0.4820862	          -0.5241089	          -0.4821167	          -0.1959457	           0.1547394
3588000000	          -0.1860275	           0.1667786	          -0.5236816	          -0.4781494	          -0.5267639	           -0.479187	          -0.1951065	           0.1534729
3594500000	          -0.1850052	           0.1665192	           -0.526001	          -0.4751282	          -0.5289612	          -0.4766541	          -0.1941757	           0.1531219
3601000000	          -0.1844406	           0.1657104	          -0.5281982	          -0.4716187	           -0.531311	          -0.4732056	          -0.1932907	           0.1519012
3607500000	          -0.1834717	           0.1657639	          -0.5301819	          -0.4693909	          -0.5330505	           -0.470459	          -0.1923904	           0.1516342
3614000000	          -0.1829147	           0.1652985	          -0.5327454	          -0.4669189	          -0.5354919	          -0.4677734	          -0.1914749	           0.1507721
3620500000	          -0.1816711	           0.1656265	          -0.5358276	          -0.4649353	          -0.5378113	          -0.4655457	           -0.190033	           0.1509094
3627000000	          -0.1803055	           0.1647873	          -0.5393677	          -0.4615479	           -0.540802	          -0.4625854	          -0.1884384	           0.1501541
3633500000	          -0.1787949	             0.16465	          -0.5420837	          -0.4582214	          -0.5430908	          -0.4598694	          -0.1865768	           0.1500168
3640000000	          -0.1774521	           0.1635437	          -0.5445251	          -0.4544067	          -0.5455017	           -0.456604	          -0.1848145	           0.1489716
3646500000	          -0.1756363	           0.1633987	          -0.5464172	          -0.4517517	           -0.546936	          -0.4541931	          -0.1833572	           0.1487274
3653000000	          -0.1738968	           0.1628494	          -0.5490723	          -0.4487915	          -0.5492249	          -0.4520874	          -0.1816864	           0.1478729
3659500000	          -0.1716614	           0.1627655	          -0.5519104	           -0.446167	          -0.5516968	          -0.4501038	          -0.1800156	           0.1478043
3666000000	           -0.169632	           0.1619949	           -0.555542	          -0.4425049	          -0.5549011	          -0.4476013	           -0.178627	           0.1468506
3672500000	          -0.1678467	           0.1617813	          -0.5578613	          -0.4390869	          -0.5579224	          -0.4450073	          -0.1768799	           0.1461792
3679000000	           -0.166687	           0.1599808	          -0.5601196	          -0.4345093	          -0.5611267	          -0.4412231	          -0.1752319	           0.1447601
3685500000	          -0.1655655	           0.1595993	          -0.5612183	           -0.431488	          -0.5630493	          -0.4378967	          -0.1737518	           0.1436691
3692000000	          -0.1648331	           0.1580811	          -0.5630493	          -0.4287415	          -0.5647888	          -0.4344482	          -0.1728897	           0.1415787
3698500000	           -0.163063	           0.1571808	          -0.5652771	          -0.4263916	          -0.5664063	          -0.4322205	          -0.1716995	            0.140892
3705000000	          -0.1617661	           0.1559601	          -0.5684509	          -0.4230957	          -0.5690308	          -0.4298706	          -0.1709671	           0.1396713
3711500000	          -0.1600189	           0.1554947	          -0.5711365	          -0.4196777	          -0.5716553	          -0.4274292	          -0.1699448	           0.1389618
3718000000	           -0.158493	           0.1535568	           -0.573822	          -0.4150391	          -0.5746155	          -0.4242554	          -0.1689682	           0.1386185
3724500000	          -0.1568375	           0.1530533	          -0.5752869	          -0.4110718	          -0.5769043	          -0.4212341	          -0.1679382	           0.1383514
3731000000	          -0.1559525	            0.152153	          -0.5765991	          -0.4070435	          -0.5791626	          -0.4180908	          -0.1669312	           0.1374435
3737500000	          -0.1546707	           0.1520691	          -0.5778809	          -0.4038696	          -0.5809937	          -0.4151917	          -0.1661072	           0.1374893
3744000000	          -0.1539536	           0.1516876	          -0.5794678	          -0.4007568	          -0.5837097	           -0.412262	          -0.1652527	           0.1368866
3750500000	          -0.1529617	           0.1515274	          -0.5808411	          -0.3979187	          -0.5865173	          -0.4094238	          -0.1638184	           0.1369858
3757000000	          -0.1521606	           0.1508026	          -0.5825195	          -0.3947144	          -0.5888672	          -0.4057922	          -0.1620026	           0.1364212
3763500000	          -0.1512833	           0.1508331	          -0.5837402	          -0.3920898	          -0.5914612	          -0.4024048	          -0.1601944	           0.1358795
3770000000	           -0.150116	           0.1499252	          -0.5858459	          -0.3893738	          -0.5928345	          -0.3985291	          -0.1587067	           0.1344452
3776500000	          -0.1484528	           0.1491318	          -0.5877991	          -0.3865356	          -0.5948486	          -0.3958435	          -0.1573563	            0.133667
3783000000	          -0.1468658	           0.1479874	           -0.590271	          -0.3826904	          -0.5968628	          -0.3926697	          -0.1562881	           0.1327209
3789500000	          -0.1450119	           0.1471329	          -0.5918884	          -0.3786316	          -0.5985718	          -0.3901367	          -0.1549225	           0.1327133
3796000000	          -0.1438522	           0.1459808	          -0.5929565	           -0.374176	          -0.6009827	          -0.3867493	          -0.1533432	           0.1324158
3802500000	          -0.1427612	           0.1453476	          -0.5930176	          -0.3710327	          -0.6034546	          -0.3838196	          -0.1512146	           0.1318588
3809000000	          -0.1417542	           0.1442719	          -0.5933533	          -0.3686523	          -0.6059875	          -0.3799438	          -0.1491241	           0.1299133
3815500000	          -0.1405411	           0.1442032	          -0.5943604	          -0.3674316	          -0.6077576	          -0.3765869	           -0.147789	           0.1283112
3822000000	          -0.1394806	           0.1431427	          -0.5966492	          -0.3653564	          -0.6095581	          -0.3730164	          -0.1468964	           0.1261444
3828500000	          -0.1382904	           0.1424866	           -0.598877	          -0.3628235	          -0.6115723	          -0.3700562	          -0.1463013	           0.1250305
3835000000	          -0.1375198	           0.1408386	          -0.6008301	           -0.359375	             -0.6138	          -0.3664551	          -0.1453934	           0.1234512
3841500000	          -0.1369171	           0.1402512	          -0.6020508	          -0.3566589	          -0.6156616	          -0.3632813	          -0.1442108	           0.1225967
3848000000	          -0.1362305	           0.1390152	          -0.6034241	          -0.3540344	          -0.6176147	          -0.3596497	          -0.1432724	           0.1209717
3854500000	          -0.1352005	           0.1389694	          -0.6048279	          -0.3518372	          -0.6190491	          -0.3567505	           -0.142395	           0.1200485
3861000000	          -0.1342316	           0.1380463	          -0.6074524	          -0.3490295	          -0.6212158	          -0.3529358	          -0.1418533	           0.1187668
3867500000	          -0.1329651	           0.1376801	          -0.6091919	          -0.3459167	           -0.622467	          -0.3496704	          -0.1410141	           0.1183777
3874000000	          -0.1324158	           0.1368637	          -0.6111145	          -0.3422241	          -0.6246338	          -0.3455505	          -0.1400299	           0.1172485
3880500000	          -0.1314316	           0.1367035	           -0.611908	          -0.3395691	          -0.6260986	          -0.3420715	          -0.1389465	           0.1163254
3887000000	          -0.1305161	           0.1361542	          -0.6133728	          -0.3373718	          -0.6278687	          -0.3378906	          -0.1383514	           0.1144714
3893500000	          -0.1291122	           0.1359253	          -0.6147461	          -0.3359375	          -0.6287537	          -0.3351746	          -0.1379242	           0.1135178
3900000000	          -0.1276093	           0.1349106	           -0.617981	          -0.3334656	          -0.6305542	          -0.3317261	          -0.1375198	           0.1123581
