! 
! FILENAME FOAM
# Hz S RI R 50
2600000000	          -0.5142822	           0.0827332	           0.0054932	          -0.6394348	            0.006134	          -0.6424866	           -0.514679	           0.1062012
2606500000	          -0.5124817	           0.0875244	           0.0024414	          -0.6408691	           0.0019836	          -0.6448059	          -0.5114746	           0.1109619
2613000000	          -0.5098267	           0.0895081	          -0.0020447	          -0.6436462	          -0.0022278	          -0.6469116	          -0.5094604	           0.1138611
2619500000	           -0.507019	           0.0933228	           -0.006073	          -0.6444702	          -0.0066833	          -0.6478271	          -0.5054016	           0.1185608
2626000000	          -0.5031128	           0.0950928	          -0.0101318	          -0.6464539	          -0.0100098	          -0.6488037	          -0.5025635	           0.1203613
2632500000	           -0.498764	           0.0989075	          -0.0140381	          -0.6466675	          -0.0122681	          -0.6494751	          -0.4985657	           0.1239624
2639000000	          -0.4953766	           0.0990753	           -0.017334	          -0.6490479	          -0.0158997	          -0.6524353	          -0.4952698	           0.1244659
2645500000	          -0.4911804	           0.1005554	          -0.0218201	          -0.6506958	          -0.0206909	          -0.6538391	          -0.4917908	            0.125885
2652000000	          -0.4884796	           0.0990143	          -0.0273438	          -0.6525574	          -0.0271606	          -0.6563721	          -0.4883881	           0.1242371
2658500000	          -0.4865112	           0.1002808	          -0.0327759	           -0.652832	          -0.0332642	           -0.655365	          -0.4859161	           0.1252136
2665000000	          -0.4851074	           0.0992126	          -0.0389099	          -0.6521912	          -0.0380859	          -0.6542358	          -0.4840393	           0.1238708
2671500000	           -0.483139	           0.1008759	          -0.0422974	          -0.6507874	          -0.0415039	           -0.652832	          -0.4819183	           0.1254578
2678000000	          -0.4825134	            0.100769	          -0.0453491	          -0.6501465	          -0.0448303	          -0.6532898	          -0.4813232	           0.1255646
2684500000	          -0.4811401	           0.1033478	          -0.0482483	          -0.6507568	          -0.0469971	          -0.6538696	          -0.4799805	           0.1285248
2691000000	          -0.4805298	            0.105072	           -0.051239	          -0.6521301	          -0.0509949	          -0.6553955	          -0.4789124	           0.1307983
2697500000	          -0.4787292	            0.108902	          -0.0553284	          -0.6523438	           -0.054657	          -0.6549988	          -0.4773102	           0.1352539
2704000000	           -0.476532	           0.1116486	          -0.0597839	           -0.652832	          -0.0584717	          -0.6549072	          -0.4750061	           0.1385956
2710500000	          -0.4728546	           0.1152496	          -0.0624695	          -0.6526794	          -0.0602112	          -0.6543579	           -0.471405	           0.1427002
2717000000	          -0.4690399	           0.1169128	          -0.0657654	          -0.6529236	          -0.0628357	          -0.6550903	          -0.4685059	            0.144104
2723500000	          -0.4653625	           0.1197052	          -0.0680542	          -0.6542053	          -0.0654602	          -0.6562805	          -0.4648743	           0.1471252
2730000000	          -0.4618378	           0.1200867	          -0.0715637	          -0.6558228	          -0.0698547	          -0.6582031	          -0.4616547	           0.1468811
2736500000	          -0.4577484	           0.1223145	          -0.0757751	          -0.6568909	          -0.0746765	          -0.6586304	          -0.4583893	           0.1488037
2743000000	          -0.4543304	           0.1217346	          -0.0808716	          -0.6580505	          -0.0800476	          -0.6589355	          -0.4548798	           0.1479492
2749500000	          -0.4513245	           0.1224213	          -0.0849609	          -0.6571655	          -0.0839233	          -0.6582336	          -0.4512787	           0.1485596
2756000000	           -0.449295	            0.120636	          -0.0891418	          -0.6563721	          -0.0878906	          -0.6574707	          -0.4488373	           0.1466522
2762500000	          -0.4474792	           0.1211243	          -0.0920105	          -0.6564026	          -0.0906372	          -0.6576233	          -0.4471741	           0.1473083
2769000000	          -0.4468231	           0.1197205	          -0.0951233	          -0.6572266	           -0.094696	          -0.6578369	          -0.4461517	           0.1463165
2775500000	          -0.4456635	           0.1221924	          -0.0993652	          -0.6577759	          -0.0987854	          -0.6585388	          -0.4447632	           0.1481018
2782000000	          -0.4448853	           0.1224213	          -0.1038818	          -0.6574402	          -0.1030273	          -0.6582642	          -0.4439392	           0.1482697
2788500000	          -0.4438782	            0.125473	          -0.1069946	          -0.6568298	          -0.1056519	          -0.6582642	          -0.4424286	           0.1511078
2795000000	          -0.4428253	           0.1265411	           -0.109375	          -0.6554871	           -0.108551	          -0.6583557	          -0.4417877	           0.1522064
2801500000	            -0.44104	            0.130661	          -0.1110535	          -0.6559143	          -0.1115723	          -0.6591492	          -0.4399109	            0.155838
2808000000	          -0.4386292	           0.1321259	          -0.1139526	          -0.6567688	          -0.1151123	          -0.6582642	          -0.4377747	           0.1578827
2814500000	          -0.4356537	           0.1365356	          -0.1170044	          -0.6587219	          -0.1182861	          -0.6588745	          -0.4348907	           0.1617889
2821000000	          -0.4318695	           0.1377869	          -0.1208801	          -0.6590576	          -0.1217041	          -0.6587524	          -0.4311523	           0.1633301
2827500000	          -0.4280701	           0.1403046	          -0.1250305	          -0.6590881	          -0.1246033	          -0.6594543	          -0.4272614	           0.1658783
2834000000	          -0.4237366	           0.1407623	          -0.1283569	          -0.6590271	          -0.1274719	          -0.6595154	          -0.4237366	           0.1663666
2840500000	           -0.419754	           0.1424713	          -0.1312561	          -0.6587219	          -0.1304321	          -0.6608582	          -0.4198151	           0.1665802
2847000000	          -0.4164276	             0.14151	          -0.1339417	          -0.6589661	          -0.1341248	          -0.6616821	          -0.4164734	           0.1646576
2853500000	          -0.4130554	           0.1419373	          -0.1368408	          -0.6604004	          -0.1383362	          -0.6630554	           -0.413269	           0.1647491
2860000000	           -0.410965	           0.1398773	          -0.1407166	          -0.6615295	          -0.1429138	          -0.6633301	          -0.4108582	           0.1624603
2866500000	          -0.4090271	           0.1397705	          -0.1448975	          -0.6625977	          -0.1464844	          -0.6633606	          -0.4089661	           0.1618652
2873000000	          -0.4088593	           0.1383972	          -0.1492615	          -0.6630249	          -0.1496277	           -0.663147	          -0.4082336	            0.159729
2879500000	          -0.4078369	           0.1391602	          -0.1543579	          -0.6626587	          -0.1532288	          -0.6641235	          -0.4074707	            0.160141
2886000000	          -0.4081573	           0.1390686	          -0.1583252	          -0.6627502	          -0.1578369	          -0.6645813	          -0.4072876	           0.1607056
2892500000	          -0.4078369	           0.1412506	          -0.1627502	           -0.663147	          -0.1627808	          -0.6645203	          -0.4073792	           0.1631775
2899000000	          -0.4078522	           0.1426086	          -0.1671753	          -0.6623535	          -0.1680298	          -0.6629944	          -0.4074097	           0.1653595
2905500000	          -0.4063873	           0.1464233	           -0.171051	          -0.6615906	          -0.1709595	          -0.6612854	          -0.4059448	           0.1691895
2912000000	          -0.4047394	           0.1488495	          -0.1743469	          -0.6607361	          -0.1740723	          -0.6604614	          -0.4043274	           0.1708832
2918500000	           -0.402298	            0.152359	          -0.1775208	          -0.6610107	          -0.1764526	          -0.6610413	          -0.4009094	           0.1741028
2925000000	          -0.3979797	            0.155365	          -0.1813965	          -0.6604614	          -0.1799622	          -0.6613464	          -0.3961639	           0.1759033
2931500000	          -0.3937836	           0.1578064	          -0.1852112	          -0.6599731	          -0.1838989	          -0.6612854	          -0.3908997	           0.1799622
2938000000	          -0.3894806	           0.1581726	          -0.1896667	          -0.6601563	          -0.1876831	          -0.6611328	          -0.3864288	           0.1790466
2944500000	           -0.384964	           0.1578064	          -0.1931763	           -0.659729	          -0.1917114	          -0.6607666	          -0.3817139	           0.1793365
2951000000	          -0.3809967	           0.1560822	          -0.1975098	          -0.6593018	          -0.1951599	          -0.6594849	          -0.3769684	           0.1773376
2957500000	          -0.3779907	           0.1552887	          -0.2006226	          -0.6582947	          -0.1982727	          -0.6588745	          -0.3734131	           0.1768646
2964000000	          -0.3759308	           0.1528625	          -0.2040405	          -0.6582031	          -0.2009277	          -0.6581726	          -0.3710022	           0.1744385
2970500000	          -0.3743896	            0.152832	          -0.2075806	            -0.65802	          -0.2038879	          -0.6591797	          -0.3686218	           0.1738892
2977000000	          -0.3733368	           0.1501617	           -0.211792	          -0.6594849	          -0.2085571	          -0.6600952	          -0.3680115	           0.1723022
2983500000	          -0.3733215	           0.1505737	          -0.2169495	          -0.6591492	          -0.2137756	          -0.6599121	          -0.3671875	           0.1733398
2990000000	          -0.3734283	           0.1501923	          -0.2222595	          -0.6579895	          -0.2192078	          -0.6594543	          -0.3675385	           0.1732178
2996500000	          -0.3734741	           0.1513519	          -0.2267761	          -0.6568909	           -0.223114	          -0.6580505	          -0.3668518	           0.1748047
3003000000	           -0.372879	           0.1528931	           -0.230896	          -0.6551208	          -0.2270508	          -0.6567688	          -0.3664551	           0.1759949
3009500000	          -0.3723297	           0.1555023	          -0.2342224	          -0.6544495	          -0.2309875	          -0.6561279	          -0.3650055	           0.1789703
3016000000	          -0.3707581	           0.1573792	           -0.238739	          -0.6536255	           -0.236145	          -0.6551819	          -0.3630371	           0.1805878
3022500000	          -0.3680878	            0.160141	          -0.2432251	          -0.6523132	          -0.2404175	          -0.6535339	          -0.3602905	           0.1835785
3029000000	          -0.3650055	           0.1619263	          -0.2472839	           -0.649231	          -0.2445984	          -0.6515503	          -0.3564301	           0.1854553
3035500000	          -0.3611603	           0.1638794	           -0.250061	          -0.6477966	          -0.2472534	          -0.6499023	          -0.3523865	           0.1876984
3042000000	          -0.3569336	           0.1640472	          -0.2532959	          -0.6469116	          -0.2504272	          -0.6487122	          -0.3483582	           0.1876526
3048500000	           -0.352951	           0.1647034	          -0.2564392	          -0.6459351	          -0.2536926	          -0.6477661	          -0.3441467	           0.1890259
3055000000	           -0.349411	           0.1639404	          -0.2604675	          -0.6457214	          -0.2583923	          -0.6472168	          -0.3405457	           0.1879425
3061500000	          -0.3462372	           0.1636505	          -0.2645569	          -0.6445923	          -0.2622986	          -0.6468506	           -0.336731	           0.1884155
3068000000	          -0.3435974	           0.1619568	          -0.2701416	          -0.6430664	          -0.2676697	          -0.6455994	          -0.3343048	           0.1871948
3074500000	          -0.3408203	           0.1613922	          -0.2741394	          -0.6412354	          -0.2715454	           -0.643158	          -0.3316498	           0.1872406
3081000000	          -0.3389587	           0.1594543	          -0.2782288	          -0.6381836	          -0.2759705	          -0.6412048	          -0.3300171	           0.1856995
3087500000	          -0.3372955	            0.158905	          -0.2807617	          -0.6360474	          -0.2791748	          -0.6396484	          -0.3289795	           0.1854553
3094000000	          -0.3363647	           0.1570282	           -0.283844	          -0.6341858	          -0.2829895	          -0.6379395	           -0.329071	           0.1842804
3100500000	          -0.3354797	           0.1573029	          -0.2872314	          -0.6335144	          -0.2869263	          -0.6361084	          -0.3287201	           0.1851349
3107000000	          -0.3355408	           0.1566315	          -0.2923279	          -0.6324158	          -0.2913208	          -0.6331787	           -0.329361	           0.1847229
3113500000	           -0.334259	           0.1580048	          -0.2961426	          -0.6291809	          -0.2940063	          -0.6306152	          -0.3285065	           0.1862335
3120000000	          -0.3335419	           0.1576691	          -0.2995605	          -0.6254883	          -0.2958984	          -0.6285095	          -0.3286285	           0.1860199
3126500000	          -0.3326874	           0.1591644	          -0.3008423	          -0.6234131	          -0.2983398	          -0.6277771	          -0.3274841	           0.1875305
3133000000	          -0.3317413	           0.1602936	          -0.3025818	           -0.622345	          -0.3019409	          -0.6273804	          -0.3266907	           0.1882019
3139500000	          -0.3297882	           0.1625214	          -0.3052368	          -0.6218872	          -0.3060303	          -0.6266174	          -0.3244171	           0.1903839
3146000000	          -0.3271484	           0.1642151	          -0.3098145	           -0.621582	          -0.3113708	          -0.6235657	          -0.3211212	           0.1915131
3152500000	          -0.3234406	           0.1662292	          -0.3138123	          -0.6199341	          -0.3141174	          -0.6205444	          -0.3174744	            0.193573
3159000000	           -0.319397	           0.1664886	          -0.3172607	          -0.6170349	          -0.3166809	          -0.6182556	          -0.3134918	            0.193573
3165500000	          -0.3159027	           0.1679535	          -0.3200378	           -0.615509	          -0.3185425	          -0.6170044	          -0.3106232	           0.1946564
3172000000	          -0.3119354	           0.1679382	          -0.3232727	           -0.614502	          -0.3215332	          -0.6158752	          -0.3076172	            0.194397
3178500000	          -0.3089142	           0.1685028	          -0.3262024	          -0.6137695	          -0.3247681	           -0.615387	          -0.3045197	           0.1944885
3185000000	          -0.3062744	           0.1669769	          -0.3301697	          -0.6121521	            -0.32901	          -0.6132507	          -0.3024597	           0.1927032
3191500000	          -0.3037872	           0.1665039	          -0.3340149	          -0.6111145	          -0.3326721	          -0.6118164	          -0.3001251	           0.1918793
3198000000	          -0.3018494	            0.164093	          -0.3378296	          -0.6077881	          -0.3358459	          -0.6077881	          -0.2983093	           0.1886902
3204500000	          -0.3006134	           0.1631927	          -0.3406982	          -0.6050415	          -0.3377075	          -0.6051025	          -0.2973785	           0.1873016
3211000000	          -0.3001251	           0.1611481	          -0.3425293	          -0.6023254	          -0.3404236	          -0.6031799	           -0.296402	           0.1849976
3217500000	          -0.2997131	           0.1615601	          -0.3447266	          -0.6015015	          -0.3418884	          -0.6022949	          -0.2956543	           0.1847076
3224000000	          -0.2986145	           0.1615601	          -0.3476868	          -0.6007385	          -0.3457336	          -0.6014099	          -0.2950134	           0.1839905
3230500000	          -0.2975159	           0.1623993	          -0.3512268	          -0.5993652	           -0.348938	          -0.5998535	           -0.294342	           0.1847534
3237000000	          -0.2966919	           0.1621704	          -0.3552246	          -0.5976257	          -0.3526917	           -0.596405	          -0.2930145	           0.1847229
3243500000	          -0.2954865	           0.1634521	          -0.3584595	          -0.5953369	          -0.3544006	          -0.5944824	          -0.2917786	           0.1859589
3250000000	          -0.2942505	           0.1638794	          -0.3603821	          -0.5929871	          -0.3565369	          -0.5928955	          -0.2908173	           0.1864624
3256500000	           -0.292511	           0.1663818	          -0.3621826	          -0.5923157	          -0.3587646	          -0.5923462	          -0.2893677	           0.1888885
3263000000	          -0.2905731	           0.1673889	          -0.3651733	          -0.5921631	          -0.3617554	          -0.5917969	          -0.2870331	           0.1892548
3269500000	          -0.2878876	           0.1694336	          -0.3690186	          -0.5919189	          -0.3653259	          -0.5914612	           -0.284729	           0.1911316
3276000000	          -0.2847595	           0.1694336	          -0.3734436	          -0.5908508	          -0.3695068	          -0.5894775	          -0.2819366	           0.1911774
3282500000	          -0.2812805	           0.1700287	          -0.3774719	          -0.5888672	           -0.372467	          -0.5870667	          -0.2785187	           0.1913452
3289000000	          -0.2785034	           0.1690216	          -0.3815308	          -0.5862122	          -0.3758545	          -0.5846863	          -0.2755432	           0.1902466
3295500000	          -0.2755432	           0.1689301	          -0.3852539	          -0.5844421	          -0.3785095	          -0.5831604	          -0.2725983	           0.1901703
3302000000	          -0.2725677	           0.1675262	          -0.3883362	          -0.5818481	          -0.3824463	          -0.5814819	          -0.2696533	           0.1877747
3308500000	          -0.2705078	           0.1667328	          -0.3918457	          -0.5801697	          -0.3858337	          -0.5790405	          -0.2672577	           0.1872253
3315000000	          -0.2681274	           0.1647339	          -0.3954163	          -0.5774841	          -0.3893433	          -0.5764465	          -0.2649689	           0.1849365
3321500000	           -0.266571	           0.1638947	          -0.3981018	          -0.5748901	          -0.3919067	          -0.5735779	          -0.2627106	           0.1839294
3328000000	          -0.2649994	           0.1622009	          -0.4016724	           -0.572876	          -0.3945313	          -0.5713501	           -0.261322	           0.1823883
3334500000	          -0.2634888	           0.1615601	          -0.4046936	           -0.570282	          -0.3963928	          -0.5706787	          -0.2603302	           0.1821442
3341000000	          -0.2628937	           0.1601563	          -0.4080811	          -0.5679932	          -0.3996887	          -0.5695496	          -0.2590179	           0.1810913
3347500000	          -0.2618103	           0.1596069	          -0.4110718	          -0.5662842	          -0.4034119	          -0.5691528	           -0.258255	           0.1821594
3354000000	          -0.2608948	           0.1590729	          -0.4143066	          -0.5640259	          -0.4079895	          -0.5673523	          -0.2568665	           0.1822815
3360500000	          -0.2602692	           0.1593323	          -0.4173584	          -0.5614624	          -0.4111938	          -0.5650635	          -0.2555084	           0.1840363
3367000000	           -0.259552	           0.1596069	          -0.4208679	          -0.5591736	          -0.4135132	          -0.5621338	          -0.2543793	           0.1846771
3373500000	          -0.2580414	           0.1610413	          -0.4237671	          -0.5570068	          -0.4150391	          -0.5608521	          -0.2522888	           0.1866455
3380000000	          -0.2561035	           0.1617432	          -0.4263916	          -0.5548401	          -0.4177246	          -0.5604553	          -0.2506714	           0.1881409
3386500000	          -0.2541046	           0.1628418	          -0.4293213	          -0.5533142	          -0.4210205	          -0.5601501	          -0.2487564	           0.1886978
3393000000	          -0.2524261	           0.1615906	          -0.4325256	          -0.5503235	          -0.4260864	          -0.5591431	          -0.2466812	           0.1899033
3399500000	          -0.2509003	           0.1616516	          -0.4354858	          -0.5482788	          -0.4303589	          -0.5573425	          -0.2435303	           0.1904068
3406000000	          -0.2484131	           0.1608429	          -0.4388428	            -0.54599	          -0.4347839	          -0.5549316	          -0.2398682	           0.1900177
3412500000	          -0.2448196	           0.1607437	          -0.4426575	          -0.5437622	          -0.4374695	          -0.5529175	          -0.2361984	           0.1899643
3419000000	          -0.2437897	           0.1598892	          -0.4460449	          -0.5409546	          -0.4420776	           -0.551239	          -0.2323685	           0.1894531
3425500000	          -0.2417297	           0.1590958	          -0.4486084	          -0.5382996	          -0.4457703	          -0.5509033	          -0.2292175	           0.1901398
3432000000	          -0.2404785	           0.1575928	          -0.4522095	          -0.5357666	          -0.4516907	          -0.5482483	          -0.2262421	           0.1893539
3438500000	          -0.2392578	           0.1576309	          -0.4543152	          -0.5338745	          -0.4558411	          -0.5455627	          -0.2245255	           0.1893234
3445000000	          -0.2378464	            0.156311	          -0.4576416	          -0.5310669	          -0.4594421	          -0.5406494	          -0.2230377	           0.1882629
3451500000	          -0.2369919	            0.156105	          -0.4603577	           -0.527832	          -0.4613037	          -0.5379028	          -0.2214508	            0.188591
3458000000	          -0.2363052	           0.1550827	          -0.4631348	          -0.5243225	           -0.463562	          -0.5359802	          -0.2207184	           0.1876831
3464500000	          -0.2353439	           0.1546631	          -0.4648132	          -0.5220032	          -0.4662781	          -0.5355835	          -0.2193222	            0.188385
3471000000	          -0.2357864	           0.1529694	          -0.4667358	          -0.5192566	          -0.4712524	          -0.5343628	          -0.2172699	           0.1877365
3477500000	          -0.2356644	           0.1540604	          -0.4685974	          -0.5179138	          -0.4759216	          -0.5315857	          -0.2153397	           0.1881485
3484000000	          -0.2353516	           0.1550446	          -0.4723206	          -0.5166626	          -0.4801941	           -0.526947	           -0.214035	           0.1868515
3490500000	          -0.2340775	            0.156105	          -0.4755554	          -0.5150146	          -0.4830627	          -0.5230408	          -0.2121506	            0.187027
3497000000	          -0.2322693	           0.1560135	           -0.479187	          -0.5118103	           -0.485321	          -0.5194092	          -0.2106705	           0.1869736
3503500000	          -0.2305908	           0.1564484	          -0.4818115	          -0.5091858	          -0.4873962	          -0.5170593	           -0.208519	           0.1878128
3510000000	           -0.229126	           0.1560364	          -0.4836731	          -0.5058289	          -0.4909363	          -0.5148926	           -0.205864	           0.1875763
3516500000	           -0.227951	           0.1571121	          -0.4858093	          -0.5048828	          -0.4934998	          -0.5121765	          -0.2042923	           0.1877289
3523000000	          -0.2258987	           0.1572266	             -0.4888	          -0.5035095	          -0.4975891	          -0.5088196	          -0.2023392	           0.1873779
3529500000	          -0.2237091	           0.1586151	          -0.4924011	          -0.5022888	          -0.4994507	          -0.5060425	          -0.1999283	           0.1876526
3536000000	          -0.2214584	             0.15802	          -0.4971466	          -0.4993439	          -0.5021057	          -0.5027771	          -0.1978302	            0.186615
3542500000	          -0.2192078	           0.1584625	          -0.5000916	          -0.4958496	           -0.504364	          -0.5004883	          -0.1956558	           0.1865158
3549000000	          -0.2174301	           0.1570969	          -0.5022888	          -0.4920654	          -0.5076599	          -0.4972839	          -0.1936569	           0.1855927
3555500000	          -0.2155304	           0.1572113	          -0.5041809	          -0.4902344	           -0.510437	          -0.4950562	          -0.1917191	            0.184845
3562000000	           -0.213974	           0.1569748	          -0.5072937	          -0.4886475	          -0.5136414	          -0.4908752	          -0.1900482	           0.1830978
3568500000	          -0.2118683	           0.1570511	          -0.5110168	          -0.4874268	          -0.5157166	          -0.4881287	          -0.1884995	           0.1828156
3575000000	          -0.2099075	           0.1562119	          -0.5158691	          -0.4837646	          -0.5175781	          -0.4845581	          -0.1873474	           0.1810226
3581500000	          -0.2080994	           0.1561508	          -0.5188293	           -0.480011	          -0.5196533	          -0.4820251	          -0.1864166	           0.1805344
3588000000	          -0.2067795	           0.1549988	          -0.5216064	          -0.4751587	          -0.5224609	          -0.4790039	            -0.18573	           0.1786652
3594500000	          -0.2058716	           0.1552658	          -0.5228577	          -0.4724121	          -0.5245972	           -0.476593	          -0.1846466	           0.1784592
3601000000	          -0.2045517	           0.1548309	          -0.5247192	          -0.4697571	          -0.5279236	          -0.4732056	            -0.18396	           0.1769028
3607500000	          -0.2035446	           0.1553574	           -0.526947	          -0.4685974	           -0.529541	          -0.4700012	          -0.1829758	           0.1765442
3614000000	          -0.2020111	           0.1551514	          -0.5307922	          -0.4654846	          -0.5314331	          -0.4668579	          -0.1820145	           0.1755753
3620500000	          -0.1997147	            0.155571	          -0.5343018	          -0.4624329	          -0.5342712	          -0.4650879	          -0.1800003	           0.1754532
3627000000	          -0.1977158	           0.1547852	          -0.5369263	          -0.4574585	          -0.5367126	          -0.4615784	          -0.1788559	           0.1748276
3633500000	          -0.1958084	           0.1550522	          -0.5384827	          -0.4546204	          -0.5392151	          -0.4592896	          -0.1770325	           0.1745758
3640000000	          -0.1933823	           0.1544571	          -0.5401306	          -0.4514771	          -0.5424194	          -0.4553223	          -0.1753922	           0.1736069
3646500000	          -0.1911087	           0.1542206	          -0.5421753	           -0.449646	          -0.5442505	          -0.4527283	          -0.1738129	           0.1735382
3653000000	          -0.1887131	             0.15448	           -0.545166	          -0.4473572	           -0.546936	           -0.449646	          -0.1724396	           0.1720963
3659500000	          -0.1863708	           0.1546478	          -0.5481262	          -0.4439087	          -0.5489502	          -0.4473267	          -0.1706848	           0.1716309
3666000000	          -0.1843262	           0.1528168	          -0.5506592	          -0.4397583	          -0.5509033	          -0.4444275	          -0.1694641	           0.1705856
3672500000	          -0.1819839	           0.1523819	          -0.5520325	           -0.436676	          -0.5535889	          -0.4418945	           -0.167778	           0.1694946
3679000000	          -0.1801987	           0.1507416	          -0.5536499	          -0.4334106	          -0.5567627	           -0.439209	          -0.1657104	           0.1679306
3685500000	          -0.1786118	            0.150322	           -0.554657	          -0.4311829	          -0.5588074	          -0.4362793	          -0.1640472	           0.1660919
3692000000	          -0.1768036	           0.1482544	          -0.5577393	          -0.4294434	          -0.5618286	          -0.4328918	          -0.1618958	            0.164299
3698500000	          -0.1748962	           0.1471024	          -0.5606079	          -0.4269409	          -0.5642395	          -0.4296265	          -0.1607208	           0.1635895
3705000000	          -0.1733246	           0.1455612	          -0.5638428	          -0.4235229	            -0.56604	          -0.4264832	          -0.1595612	           0.1624527
3711500000	          -0.1721039	           0.1443863	           -0.565918	          -0.4196167	          -0.5679932	          -0.4241028	          -0.1580505	           0.1619415
3718000000	          -0.1712189	           0.1423111	          -0.5674133	           -0.415802	          -0.5707397	          -0.4207458	          -0.1572495	           0.1608505
3724500000	          -0.1698532	           0.1419907	          -0.5690613	          -0.4131775	          -0.5728455	          -0.4182739	          -0.1551514	           0.1599731
3731000000	          -0.1689377	           0.1407776	          -0.5705566	          -0.4106445	          -0.5756531	          -0.4153442	          -0.1543808	           0.1585693
3737500000	            -0.16819	           0.1414413	          -0.5722351	          -0.4082031	           -0.578186	          -0.4126282	          -0.1532135	           0.1580811
3744000000	          -0.1671295	           0.1398392	          -0.5746155	          -0.4052124	           -0.579895	          -0.4095764	          -0.1519775	           0.1566315
3750500000	           -0.165535	           0.1401215	          -0.5766296	          -0.4026184	          -0.5823059	          -0.4065857	          -0.1504211	           0.1557999
3757000000	          -0.1643219	           0.1389923	          -0.5792542	          -0.3996887	           -0.585083	          -0.4038086	          -0.1483536	           0.1542358
3763500000	          -0.1629333	           0.1391068	          -0.5814819	          -0.3970642	          -0.5872803	          -0.4004822	          -0.1464844	           0.1535797
3770000000	          -0.1614761	            0.137886	          -0.5839233	          -0.3940125	          -0.5898132	          -0.3972168	          -0.1450653	           0.1520309
3776500000	          -0.1602173	           0.1373825	          -0.5863647	          -0.3907166	          -0.5921936	          -0.3940125	          -0.1433334	           0.1512604
3783000000	          -0.1585693	           0.1357651	          -0.5887451	          -0.3865967	          -0.5942688	          -0.3903198	          -0.1426086	           0.1502991
3789500000	          -0.1574936	           0.1355057	          -0.5904541	          -0.3834229	          -0.5958252	          -0.3872986	          -0.1407776	           0.1501617
3796000000	          -0.1559601	           0.1341095	          -0.5919189	          -0.3803406	          -0.5979004	          -0.3840027	           -0.139389	           0.1490021
3802500000	          -0.1545563	           0.1335297	          -0.5932007	          -0.3772278	          -0.5993652	          -0.3812561	          -0.1367416	           0.1483307
3809000000	          -0.1530914	           0.1317749	          -0.5951233	          -0.3752136	           -0.601593	          -0.3783569	          -0.1352615	            0.145874
3815500000	          -0.1518021	           0.1310883	          -0.5966797	          -0.3729858	           -0.603363	          -0.3753967	          -0.1339188	           0.1443253
3822000000	          -0.1511536	           0.1295319	          -0.5995178	          -0.3696289	          -0.6065979	          -0.3720093	          -0.1330338	           0.1422272
3828500000	          -0.1497269	           0.1285553	           -0.601532	          -0.3667603	          -0.6077881	          -0.3688965	          -0.1317825	           0.1412888
3835000000	          -0.1494064	           0.1267929	          -0.6035156	           -0.362854	          -0.6103821	          -0.3655396	          -0.1308365	           0.1396866
3841500000	          -0.1484375	           0.1263809	          -0.6053467	          -0.3601379	          -0.6115417	          -0.3621826	           -0.129837	           0.1388397
3848000000	          -0.1476135	           0.1249619	          -0.6075745	          -0.3569641	          -0.6139221	          -0.3587952	          -0.1287231	           0.1374207
3854500000	          -0.1461563	           0.1248779	          -0.6091003	          -0.3543396	           -0.615509	          -0.3557434	          -0.1281967	           0.1366653
3861000000	          -0.1453094	           0.1236115	          -0.6117249	          -0.3506775	          -0.6180115	          -0.3518677	          -0.1276321	           0.1357346
3867500000	           -0.144577	           0.1233902	             -0.6138	           -0.348053	          -0.6188049	          -0.3487244	          -0.1268845	           0.1350021
3874000000	          -0.1439133	           0.1218948	          -0.6157227	          -0.3443604	           -0.621521	          -0.3453064	          -0.1264038	           0.1334229
3880500000	          -0.1434708	           0.1217804	          -0.6166077	          -0.3406067	           -0.622406	          -0.3417969	          -0.1247559	           0.1334534
3887000000	          -0.1425018	            0.120697	           -0.618866	          -0.3381348	          -0.6248779	          -0.3385925	          -0.1244736	           0.1316452
3893500000	          -0.1413269	           0.1203384	          -0.6206665	          -0.3354187	          -0.6262207	          -0.3358459	          -0.1235199	           0.1308899
3900000000	            -0.13974	           0.1189041	          -0.6233521	          -0.3326111	          -0.6283264	           -0.331604	          -0.1225128	           0.1299515
