! 
! FILENAME PERSPEX
# Hz S RI R 50
2600000000	          -0.6563721	           0.1454773	          -0.1835632	          -0.7094727	           -0.184021	          -0.7142029	          -0.6593323	           0.1438904
2606500000	           -0.653717	           0.1515198	          -0.1878662	          -0.7113953	          -0.1898193	          -0.7164612	          -0.6551819	           0.1495361
2613000000	          -0.6504517	           0.1546936	          -0.1941528	          -0.7151184	          -0.1959229	          -0.7186584	          -0.6520691	            0.153595
2619500000	          -0.6464539	           0.1608582	          -0.1993713	           -0.715332	           -0.201416	           -0.718689	          -0.6472778	           0.1596375
2626000000	          -0.6419983	           0.1633301	          -0.2048645	          -0.7167358	          -0.2053528	          -0.7200928	          -0.6437378	           0.1620789
2632500000	          -0.6359558	           0.1681213	          -0.2094727	          -0.7171936	          -0.2087402	          -0.7210999	          -0.6385803	           0.1669617
2639000000	          -0.6316528	           0.1696472	          -0.2145691	          -0.7196045	          -0.2138672	          -0.7242432	          -0.6347656	           0.1684265
2645500000	          -0.6265259	           0.1726685	          -0.2206116	          -0.7211914	          -0.2202454	          -0.7258606	          -0.6298218	           0.1711121
2652000000	           -0.623291	           0.1721497	          -0.2284546	          -0.7230835	          -0.2293091	          -0.7270813	          -0.6264648	           0.1703796
2658500000	          -0.6200562	            0.175415	          -0.2352295	          -0.7214966	          -0.2368469	          -0.7240601	          -0.6228943	           0.1734314
2665000000	          -0.6178589	           0.1757507	          -0.2426147	          -0.7191772	          -0.2428894	          -0.7219238	          -0.6200256	           0.1730347
2671500000	          -0.6144104	           0.1794434	          -0.2463074	           -0.717041	          -0.2460632	           -0.719696	          -0.6167908	           0.1758118
2678000000	          -0.6123047	           0.1801147	          -0.2492371	          -0.7159424	          -0.2492371	          -0.7197876	          -0.6152649	           0.1772461
2684500000	          -0.6100464	           0.1841431	          -0.2528076	          -0.7164612	          -0.2528381	          -0.7206116	          -0.6126404	            0.181488
2691000000	          -0.6081238	           0.1868286	           -0.257019	          -0.7178345	          -0.2579651	          -0.7224121	          -0.6104126	           0.1846008
2697500000	          -0.6046753	           0.1922607	           -0.262085	          -0.7180481	           -0.262085	          -0.7214355	          -0.6071167	           0.1907043
2704000000	          -0.6008301	           0.1958313	          -0.2681885	          -0.7180481	           -0.266571	          -0.7207031	          -0.6029968	           0.1945801
2710500000	          -0.5956726	             0.20047	           -0.271759	          -0.7176514	          -0.2684631	          -0.7203979	          -0.5979614	            0.199707
2717000000	          -0.5908203	            0.202301	          -0.2754211	          -0.7174072	          -0.2722168	          -0.7213745	          -0.5940552	           0.2014771
2723500000	          -0.5858765	           0.2064209	          -0.2785339	          -0.7195435	          -0.2755737	          -0.7227783	          -0.5894165	           0.2053833
2730000000	          -0.5814209	           0.2070618	          -0.2835388	          -0.7213135	          -0.2817688	          -0.7245483	          -0.5853882	           0.2061768
2736500000	          -0.5761719	           0.2101746	          -0.2893066	          -0.7221069	          -0.2879639	          -0.7244568	          -0.5809326	           0.2092896
2743000000	          -0.5715637	           0.2102356	          -0.2965698	          -0.7225952	           -0.295105	          -0.7232971	          -0.5762939	           0.2090759
2749500000	          -0.5675049	           0.2123108	           -0.301239	          -0.7210083	            -0.29953	          -0.7223511	          -0.5717468	           0.2109375
2756000000	          -0.5648804	           0.2112427	          -0.3058167	           -0.719574	          -0.3046265	          -0.7213135	           -0.569458	           0.2097778
2762500000	          -0.5623779	           0.2134399	          -0.3095703	           -0.719635	          -0.3085327	          -0.7213745	          -0.5666199	           0.2119751
2769000000	          -0.5603333	           0.2136841	          -0.3148193	          -0.7206421	          -0.3135376	          -0.7219543	           -0.565155	           0.2125854
2775500000	          -0.5576782	           0.2176208	          -0.3203735	          -0.7209167	          -0.3190918	          -0.7218323	          -0.5621643	           0.2158813
2782000000	          -0.5552368	           0.2186279	          -0.3261414	          -0.7193909	          -0.3243713	          -0.7209778	           -0.559906	           0.2171631
2788500000	          -0.5520935	           0.2229614	          -0.3291931	          -0.7175598	          -0.3282166	            -0.72052	          -0.5569763	           0.2212219
2795000000	          -0.5498962	           0.2254028	          -0.3319702	          -0.7167053	          -0.3314514	          -0.7202148	          -0.5546265	           0.2233276
2801500000	          -0.5460205	           0.2306213	          -0.3347778	          -0.7174988	          -0.3355408	          -0.7208252	          -0.5507202	           0.2282104
2808000000	          -0.5415955	           0.2325745	          -0.3387451	           -0.718811	          -0.3401794	           -0.720459	          -0.5468445	            0.230957
2814500000	          -0.5361938	           0.2376709	          -0.3435669	          -0.7210083	          -0.3448486	            -0.72052	          -0.5420227	           0.2361755
2821000000	          -0.5310059	            0.239502	          -0.3487854	          -0.7210693	          -0.3486328	          -0.7203369	          -0.5366821	           0.2373352
2827500000	           -0.525177	           0.2426758	          -0.3539429	          -0.7210083	          -0.3531189	          -0.7209167	            -0.53125	           0.2406311
2834000000	          -0.5196533	           0.2430725	          -0.3583984	          -0.7200623	          -0.3568726	          -0.7217102	          -0.5265503	           0.2411499
2840500000	          -0.5144958	           0.2458801	          -0.3624573	          -0.7202759	          -0.3620605	          -0.7234802	          -0.5215149	           0.2425232
2847000000	          -0.5093994	           0.2449341	          -0.3660583	          -0.7208862	          -0.3678894	          -0.7244568	           -0.517334	           0.2410278
2853500000	          -0.5046387	           0.2459412	          -0.3706665	          -0.7227478	          -0.3746338	          -0.7250977	           -0.513092	           0.2420654
2860000000	          -0.5014648	           0.2445374	          -0.3770752	          -0.7244263	          -0.3805237	          -0.7250977	          -0.5102234	           0.2402039
2866500000	          -0.4987488	           0.2454376	           -0.383728	          -0.7243347	           -0.385437	           -0.724762	          -0.5070496	            0.240509
2873000000	          -0.4969788	           0.2456665	          -0.3909607	          -0.7241821	           -0.390686	          -0.7242432	          -0.5052185	            0.239502
2879500000	          -0.4945068	           0.2476349	          -0.3970642	          -0.7229004	          -0.3962708	          -0.7247314	            -0.50354	           0.2414246
2886000000	          -0.4931641	           0.2486267	          -0.4032593	          -0.7224121	          -0.4029846	          -0.7240601	          -0.5020447	           0.2423706
2892500000	           -0.491333	           0.2524872	          -0.4090271	          -0.7208252	          -0.4096985	          -0.7227478	          -0.5001831	           0.2464905
2899000000	          -0.4889069	           0.2548981	          -0.4152222	          -0.7192688	          -0.4156494	          -0.7198181	          -0.4977417	           0.2505035
2905500000	           -0.484787	           0.2593384	          -0.4202271	          -0.7175293	          -0.4199524	          -0.7175293	          -0.4938354	           0.2551575
2912000000	          -0.4806671	           0.2626495	          -0.4244995	          -0.7163696	          -0.4234009	          -0.7162781	          -0.4902344	           0.2573547
2918500000	          -0.4758453	           0.2671051	          -0.4290466	          -0.7157593	          -0.4276123	          -0.7169495	          -0.4848938	           0.2611694
2925000000	          -0.4686279	           0.2696686	          -0.4338379	          -0.7145691	          -0.4325867	          -0.7168579	          -0.4774628	           0.2627258
2931500000	          -0.4618835	           0.2722321	          -0.4392395	          -0.7137146	          -0.4381714	          -0.7162781	           -0.469635	           0.2662506
2938000000	          -0.4558563	           0.2711639	          -0.4455261	          -0.7133484	           -0.443573	          -0.7154236	          -0.4635773	           0.2652283
2944500000	           -0.450592	            0.271225	          -0.4508362	          -0.7122803	          -0.4492798	          -0.7141724	          -0.4577637	           0.2653809
2951000000	          -0.4457855	           0.2690887	          -0.4570007	          -0.7108459	          -0.4539185	          -0.7120667	          -0.4523315	           0.2623596
2957500000	          -0.4412384	           0.2686615	           -0.461792	          -0.7096252	          -0.4579773	          -0.7108765	          -0.4468689	           0.2620544
2964000000	          -0.4379578	           0.2670746	          -0.4667664	          -0.7088623	          -0.4620056	          -0.7107544	          -0.4439697	           0.2599335
2970500000	           -0.434967	           0.2673492	          -0.4718933	          -0.7082825	          -0.4682617	          -0.7111511	          -0.4406128	           0.2598877
2977000000	          -0.4333344	           0.2656097	          -0.4793396	          -0.7088928	          -0.4750366	          -0.7116394	          -0.4390869	           0.2584991
2983500000	          -0.4317627	            0.266983	          -0.4867249	          -0.7072144	          -0.4826965	          -0.7094727	          -0.4367371	           0.2604065
2990000000	          -0.4303284	           0.2676697	          -0.4944153	          -0.7037964	          -0.4901123	           -0.706543	          -0.4358063	           0.2619019
2996500000	          -0.4285736	           0.2704468	          -0.4998779	          -0.7004395	          -0.4955444	          -0.7034912	          -0.4331512	           0.2653351
3003000000	          -0.4256287	           0.2725677	          -0.5050049	          -0.6973267	           -0.500824	          -0.7010803	          -0.4305115	           0.2671356
3009500000	          -0.4227753	           0.2765656	           -0.510437	          -0.6952209	          -0.5065613	          -0.6989746	          -0.4268036	           0.2710724
3016000000	           -0.418396	           0.2786102	          -0.5160828	          -0.6928101	          -0.5132751	          -0.6961365	          -0.4223175	           0.2733154
3022500000	          -0.4132996	            0.281601	          -0.5218201	          -0.6897583	          -0.5183105	          -0.6929932	           -0.416626	            0.276825
3029000000	          -0.4074097	             0.28302	          -0.5266418	          -0.6851501	          -0.5235901	          -0.6894836	          -0.4099731	           0.2781067
3035500000	          -0.4008484	           0.2846527	          -0.5305786	          -0.6829529	          -0.5272827	          -0.6867676	          -0.4037933	            0.279953
3042000000	          -0.3950348	           0.2845764	          -0.5350342	          -0.6812744	          -0.5319214	          -0.6847229	           -0.397934	            0.279541
3048500000	          -0.3894958	           0.2843781	          -0.5396423	          -0.6800232	          -0.5372009	          -0.6833801	          -0.3916931	           0.2805023
3055000000	            -0.38414	           0.2831268	          -0.5462952	          -0.6781616	          -0.5441284	          -0.6809082	          -0.3867188	           0.2791748
3061500000	          -0.3793945	           0.2826538	          -0.5520325	          -0.6754456	          -0.5501404	          -0.6786194	          -0.3812561	           0.2794342
3068000000	          -0.3751221	           0.2811279	          -0.5596924	          -0.6711731	          -0.5577087	          -0.6739502	          -0.3766479	           0.2783661
3074500000	          -0.3705597	           0.2804565	          -0.5652161	          -0.6672363	          -0.5622253	          -0.6699219	          -0.3721771	           0.2783661
3081000000	          -0.3669128	           0.2782745	          -0.5691833	          -0.6613159	          -0.5671997	           -0.665863	          -0.3690338	           0.2764435
3087500000	          -0.3635864	           0.2776337	           -0.571991	          -0.6585083	          -0.5715332	          -0.6627808	          -0.3662415	           0.2766876
3094000000	           -0.361145	           0.2755585	           -0.576355	           -0.655304	          -0.5767517	          -0.6595459	          -0.3644714	           0.2758484
3100500000	          -0.3582001	           0.2762299	          -0.5813599	           -0.653656	          -0.5817566	          -0.6559143	          -0.3617706	           0.2770081
3107000000	          -0.3553467	           0.2754517	          -0.5886841	          -0.6488953	          -0.5862122	           -0.650116	          -0.3596649	            0.276886
3113500000	          -0.3526001	           0.2759552	          -0.5924072	          -0.6431274	          -0.5891418	          -0.6460266	           -0.356308	            0.277359
3120000000	          -0.3511658	           0.2739716	          -0.5944519	          -0.6355896	           -0.590271	          -0.6417236	          -0.3552399	           0.2748871
3126500000	          -0.3506622	           0.2759552	          -0.5932922	          -0.6338806	          -0.5919189	          -0.6406555	          -0.3551941	           0.2763367
3133000000	          -0.3482361	           0.2797089	          -0.5950317	          -0.6350098	          -0.5968933	          -0.6409912	          -0.3539886	           0.2792358
3139500000	          -0.3432465	           0.2828522	          -0.6003418	          -0.6355286	          -0.6029358	          -0.6391907	           -0.349411	           0.2829132
3146000000	          -0.3371124	           0.2842102	          -0.6077271	          -0.6339111	           -0.609436	          -0.6337891	          -0.3430328	           0.2840729
3152500000	          -0.3303223	            0.285553	          -0.6138306	          -0.6300049	          -0.6127014	          -0.6302795	          -0.3367004	           0.2852173
3159000000	          -0.3244019	           0.2841492	          -0.6184998	           -0.625061	          -0.6158447	          -0.6270447	          -0.3308105	           0.2842255
3165500000	          -0.3191528	            0.285202	          -0.6220093	          -0.6231689	          -0.6191406	          -0.6261597	          -0.3262177	           0.2849579
3172000000	           -0.312912	           0.2845001	          -0.6265259	          -0.6206665	          -0.6246948	          -0.6243591	          -0.3215637	           0.2843933
3178500000	          -0.3073578	           0.2847748	          -0.6315002	          -0.6195984	          -0.6304626	          -0.6226501	          -0.3166504	           0.2845306
3185000000	          -0.3031464	            0.282547	          -0.6378479	          -0.6161194	          -0.6358337	          -0.6185913	          -0.3122406	            0.282196
3191500000	          -0.2987366	           0.2814941	          -0.6428528	          -0.6123962	          -0.6408081	           -0.614502	          -0.3083496	           0.2810364
3198000000	           -0.295578	           0.2786255	          -0.6468506	          -0.6068115	            -0.64328	          -0.6091614	          -0.3058777	           0.2775116
3204500000	          -0.2931976	           0.2775879	          -0.6499023	          -0.6032104	          -0.6454163	          -0.6060486	          -0.3034363	           0.2767181
3211000000	          -0.2907257	            0.276474	          -0.6527405	          -0.5999451	          -0.6491394	          -0.6039429	          -0.3010864	           0.2749329
3217500000	          -0.2875824	           0.2766418	          -0.6568298	          -0.5986023	          -0.6536865	          -0.6021118	          -0.2980194	           0.2748718
3224000000	          -0.2847748	           0.2761383	          -0.6616821	          -0.5969849	          -0.6594849	          -0.5991211	          -0.2947845	           0.2735748
3230500000	          -0.2804413	           0.2763519	          -0.6680603	          -0.5935974	          -0.6639709	          -0.5955505	          -0.2917633	            0.274292
3237000000	          -0.2779388	            0.275528	          -0.6733093	          -0.5890808	          -0.6677551	           -0.590332	          -0.2884827	           0.2737427
3243500000	          -0.2745209	           0.2768402	          -0.6764832	          -0.5852051	          -0.6708984	          -0.5877991	          -0.2853699	           0.2749329
3250000000	          -0.2704468	           0.2770691	          -0.6800842	          -0.5823669	          -0.6749573	          -0.5863037	          -0.2820892	           0.2760315
3256500000	          -0.2654572	           0.2786407	          -0.6836853	          -0.5810242	          -0.6799316	          -0.5845642	          -0.2778168	           0.2773132
3263000000	           -0.260437	           0.2788086	          -0.6898193	          -0.5799561	          -0.6856995	          -0.5821533	          -0.2723694	           0.2772064
3269500000	          -0.2549438	           0.2794647	          -0.6962585	          -0.5776367	          -0.6916199	          -0.5795288	          -0.2680206	           0.2774963
3276000000	          -0.2501068	           0.2773743	          -0.7022095	          -0.5732727	           -0.696991	          -0.5748596	          -0.2633057	           0.2760162
3282500000	          -0.2446594	           0.2768707	          -0.7087402	          -0.5692444	          -0.7011719	          -0.5710754	          -0.2580719	           0.2756042
3289000000	          -0.2402039	           0.2746429	           -0.713623	          -0.5635376	           -0.705658	          -0.5670471	          -0.2536926	           0.2733459
3295500000	          -0.2355347	           0.2736511	          -0.7183533	          -0.5596924	          -0.7105103	          -0.5637512	          -0.2492523	           0.2727509
3302000000	          -0.2306824	           0.2704926	          -0.7224121	          -0.5554504	          -0.7161255	          -0.5597534	          -0.2443542	           0.2694702
3308500000	          -0.2266846	           0.2692871	          -0.7274475	          -0.5514832	          -0.7207642	          -0.5547791	          -0.2402496	           0.2685242
3315000000	          -0.2230377	           0.2661591	           -0.732605	           -0.546814	          -0.7252197	          -0.5497437	          -0.2367249	            0.265213
3321500000	           -0.219635	           0.2639771	          -0.7360535	           -0.542511	          -0.7286072	          -0.5454712	          -0.2325134	           0.2633514
3328000000	          -0.2162323	           0.2608948	          -0.7412415	          -0.5380249	          -0.7328796	          -0.5415344	          -0.2301941	           0.2611694
3334500000	          -0.2133942	           0.2598114	          -0.7453003	          -0.5332947	           -0.737915	          -0.5399475	          -0.2270355	           0.2605133
3341000000	          -0.2109375	           0.2568054	          -0.7502136	          -0.5285645	          -0.7438965	          -0.5363159	          -0.2239838	           0.2594147
3347500000	          -0.2083588	           0.2553406	          -0.7546692	          -0.5241394	          -0.7496338	          -0.5325317	          -0.2205048	           0.2596283
3354000000	          -0.2062073	           0.2543335	          -0.7595825	          -0.5192261	          -0.7557983	          -0.5266113	          -0.2168121	           0.2591553
3360500000	          -0.2034454	           0.2536011	          -0.7641602	          -0.5148315	           -0.759613	          -0.5217896	          -0.2129059	           0.2598572
3367000000	          -0.2001801	           0.2525787	           -0.768219	          -0.5095825	          -0.7626343	            -0.51828	            -0.20961	           0.2592621
3373500000	          -0.1962128	           0.2524872	          -0.7719421	          -0.5053101	          -0.7669373	          -0.5155945	          -0.2052002	           0.2601624
3380000000	          -0.1924286	           0.2515564	          -0.7764587	          -0.5012207	          -0.7736511	          -0.5132751	          -0.2011871	           0.2600098
3386500000	          -0.1882019	           0.2510986	          -0.7810059	          -0.4971313	           -0.778595	           -0.509552	          -0.1963959	           0.2596588
3393000000	          -0.1859512	           0.2483749	          -0.7860413	          -0.4916687	          -0.7870483	          -0.5045166	          -0.1921692	           0.2588806
3399500000	          -0.1829834	           0.2476959	           -0.789856	          -0.4870605	          -0.7920227	          -0.4984741	          -0.1871185	           0.2581482
3406000000	          -0.1795502	           0.2455673	          -0.7948303	          -0.4814453	          -0.7973938	          -0.4924011	          -0.1814575	           0.2557526
3412500000	          -0.1748123	            0.243576	          -0.7999268	          -0.4759521	          -0.8022766	          -0.4875488	          -0.1767883	           0.2540741
3419000000	          -0.1723328	            0.241394	          -0.8038635	          -0.4698486	          -0.8083496	          -0.4824829	          -0.1712036	           0.2510681
3425500000	          -0.1692734	           0.2401428	          -0.8071594	          -0.4649658	          -0.8152161	          -0.4775696	          -0.1660919	           0.2499771
3432000000	          -0.1664047	           0.2382813	          -0.8123169	          -0.4595032	          -0.8215942	          -0.4689026	          -0.1617355	              0.2472
3438500000	          -0.1623154	           0.2374115	          -0.8157959	          -0.4545593	          -0.8244934	          -0.4622192	          -0.1583023	           0.2457199
3445000000	          -0.1592407	           0.2344666	          -0.8193665	          -0.4483032	          -0.8267822	          -0.4551392	          -0.1552124	            0.243187
3451500000	           -0.156456	            0.232933	          -0.8221436	          -0.4431152	          -0.8292542	          -0.4514771	          -0.1523209	           0.2420349
3458000000	          -0.1544342	           0.2307663	          -0.8251648	          -0.4375916	          -0.8339539	          -0.4472961	          -0.1493835	           0.2406158
3464500000	            -0.15271	             0.22966	          -0.8278503	          -0.4332275	          -0.8393555	          -0.4433289	          -0.1453705	           0.2393723
3471000000	          -0.1513672	           0.2284775	          -0.8317261	          -0.4279785	          -0.8459473	          -0.4363403	          -0.1412201	           0.2365189
3477500000	          -0.1481476	           0.2293777	          -0.8357849	          -0.4240723	          -0.8497009	          -0.4282532	          -0.1378937	           0.2346497
3484000000	          -0.1436234	           0.2279816	          -0.8401184	          -0.4180908	          -0.8526001	          -0.4204407	          -0.1350479	           0.2318573
3490500000	          -0.1400146	           0.2266846	          -0.8438721	          -0.4125977	          -0.8542175	          -0.4151306	          -0.1314163	            0.229744
3497000000	           -0.136116	           0.2234192	          -0.8476257	          -0.4061584	          -0.8574219	          -0.4092712	          -0.1281281	           0.2279129
3503500000	          -0.1337051	            0.221962	          -0.8501892	          -0.4019165	          -0.8601685	          -0.4052124	          -0.1245346	            0.226799
3510000000	           -0.130722	           0.2201462	          -0.8535156	          -0.3964844	          -0.8645325	          -0.3986511	          -0.1203308	           0.2241364
3516500000	          -0.1272125	           0.2192383	          -0.8572998	          -0.3917847	          -0.8672791	          -0.3933411	          -0.1169662	           0.2225647
3523000000	          -0.1230698	           0.2176056	          -0.8624573	          -0.3869324	          -0.8710632	          -0.3869324	          -0.1134415	           0.2199631
3529500000	          -0.1187973	           0.2157135	          -0.8659058	          -0.3811646	          -0.8735657	          -0.3816528	          -0.1102524	           0.2179184
3536000000	          -0.1155243	            0.212532	           -0.869751	          -0.3740234	          -0.8764648	          -0.3760376	          -0.1076279	           0.2148438
3542500000	          -0.1122742	           0.2108765	          -0.8725586	          -0.3687134	          -0.8800354	          -0.3711853	          -0.1043015	           0.2128296
3549000000	          -0.1097107	           0.2076416	          -0.8754883	          -0.3623352	          -0.8834229	          -0.3643188	          -0.1011963	           0.2095337
3555500000	          -0.1063919	           0.2059708	          -0.8785095	          -0.3580627	           -0.887085	          -0.3591003	          -0.0979996	           0.2073288
3562000000	          -0.1025543	           0.2034988	          -0.8829346	          -0.3518066	          -0.8895569	           -0.351532	          -0.0951691	           0.2033997
3568500000	           -0.099205	           0.2011261	          -0.8869629	          -0.3469238	          -0.8912964	           -0.347168	          -0.0925827	           0.2012329
3575000000	          -0.0958405	           0.1977234	          -0.8900757	          -0.3386536	          -0.8950806	          -0.3407898	          -0.0904236	           0.1977158
3581500000	          -0.0926743	           0.1950455	          -0.8922729	          -0.3327332	          -0.8973389	          -0.3352356	            -0.08815	           0.1954269
3588000000	          -0.0903473	           0.1917877	          -0.8951111	          -0.3261414	          -0.9005432	          -0.3287354	          -0.0855789	           0.1924591
3594500000	          -0.0878448	           0.1901855	          -0.8970947	          -0.3215332	          -0.9032898	          -0.3234558	          -0.0830765	           0.1904907
3601000000	          -0.0852051	           0.1877975	          -0.9002686	          -0.3158875	          -0.9065857	          -0.3162842	          -0.0806732	           0.1872787
3607500000	           -0.082222	           0.1858673	          -0.9039307	          -0.3109741	          -0.9086609	          -0.3117065	          -0.0779266	           0.1849518
3614000000	          -0.0791321	           0.1828003	          -0.9064331	           -0.303833	          -0.9108887	          -0.3050842	           -0.075592	           0.1820755
3620500000	          -0.0758514	            0.179985	          -0.9094238	          -0.2976685	          -0.9143677	          -0.2996826	          -0.0726089	           0.1792297
3627000000	          -0.0731964	            0.175972	          -0.9116211	          -0.2905273	          -0.9172974	          -0.2926331	          -0.0698242	           0.1762924
3633500000	           -0.070137	           0.1733551	          -0.9138489	           -0.285553	          -0.9200439	          -0.2869568	          -0.0669785	           0.1734009
3640000000	          -0.0666046	           0.1698914	          -0.9169617	          -0.2794495	          -0.9230042	          -0.2796936	          -0.0645828	           0.1702194
3646500000	          -0.0634918	           0.1666946	          -0.9199829	          -0.2738953	           -0.925293	          -0.2740173	          -0.0616837	           0.1675568
3653000000	          -0.0600204	           0.1634293	          -0.9231262	          -0.2671509	          -0.9286804	          -0.2675171	           -0.059433	           0.1641083
3659500000	           -0.056839	           0.1605377	          -0.9256897	          -0.2616272	          -0.9309998	          -0.2617493	          -0.0569916	           0.1615982
3666000000	          -0.0542526	            0.156868	          -0.9277954	          -0.2546387	          -0.9337769	          -0.2554626	          -0.0542526	           0.1578979
3672500000	          -0.0524597	           0.1534195	          -0.9296875	           -0.249054	          -0.9358521	          -0.2488708	            -0.05159	           0.1543121
3679000000	          -0.0500031	           0.1503067	          -0.9326172	           -0.242981	          -0.9382935	          -0.2416687	          -0.0489807	           0.1495667
3685500000	          -0.0475235	           0.1469727	          -0.9345703	          -0.2373657	          -0.9403992	          -0.2355042	          -0.0465012	           0.1461792
3692000000	          -0.0453339	           0.1417465	          -0.9373169	          -0.2301636	          -0.9432678	           -0.228302	          -0.0442657	           0.1414566
3698500000	          -0.0432739	           0.1382751	          -0.9404297	          -0.2241211	          -0.9452515	          -0.2229919	          -0.0413284	           0.1384888
3705000000	          -0.0415802	           0.1337967	          -0.9425964	          -0.2167664	          -0.9469299	          -0.2159729	          -0.0391769	           0.1353302
3711500000	          -0.0401306	           0.1296844	          -0.9441223	          -0.2103577	          -0.9493103	          -0.2101746	          -0.0372543	           0.1316681
3718000000	          -0.0387573	           0.1251907	           -0.946167	           -0.203186	          -0.9519653	          -0.2021484	          -0.0352325	           0.1280136
3724500000	         -0.03683853	           0.1230774	          -0.9478455	          -0.1975708	           -0.953125	          -0.1965637	         -0.03308105	           0.1245689
3731000000	         -0.03476334	           0.1193504	          -0.9501038	          -0.1911926	          -0.9553528	          -0.1890259	          -0.0319252	           0.1200752
3737500000	         -0.03274918	           0.1162796	          -0.9517822	          -0.1850586	          -0.9579773	          -0.1826782	         -0.03015518	           0.1172295
3744000000	         -0.03149414	            0.112896	          -0.9542847	          -0.1781616	          -0.9595337	          -0.1762085	         -0.02909851	           0.1124039
3750500000	         -0.02928543	           0.1098557	            -0.95578	          -0.1720886	          -0.9611206	          -0.1698608	         -0.02695084	            0.108902
3757000000	         -0.02833939	           0.1057281	          -0.9579773	          -0.1648254	          -0.9632568	          -0.1621704	         -0.02582169	           0.1045074
3763500000	          -0.0267601	            0.102726	          -0.9599304	           -0.158783	          -0.9649658	          -0.1557922	         -0.02420807	           0.1005745
3770000000	         -0.02564621	          0.09830475	          -0.9614258	          -0.1510925	          -0.9663086	          -0.1486511	         -0.02281952	          0.09682846
3776500000	         -0.02427292	          0.09503174	          -0.9628296	          -0.1445313	          -0.9676514	          -0.1417542	         -0.02165222	           0.0941124
3783000000	         -0.02368546	          0.09095383	            -0.96521	          -0.1368408	          -0.9690857	          -0.1352539	         -0.02039719	          0.09108353
3789500000	         -0.02238464	          0.08795929	          -0.9661255	          -0.1306458	          -0.9701538	          -0.1284485	          -0.0185585	          0.08798599
3796000000	         -0.02150726	          0.08412933	            -0.96698	          -0.1239929	          -0.9715881	          -0.1207581	         -0.01693344	          0.08349991
3802500000	          -0.0202179	          0.08135223	          -0.9681396	          -0.1170959	          -0.9728088	          -0.1148071	         -0.01562881	          0.08005142
3809000000	         -0.01898956	           0.0772934	          -0.9702759	          -0.1104431	          -0.9736633	          -0.1070862	         -0.01472855	          0.07542038
3815500000	         -0.01799393	          0.07377243	          -0.9712524	          -0.1038513	          -0.9747925	          -0.1013489	         -0.01446533	          0.07210159
3822000000	         -0.01698685	          0.07003403	          -0.9724731	          -0.0960999	          -0.9754333	           -0.093811	         -0.01379013	          0.06795502
3828500000	         -0.01654434	          0.06618881	          -0.9735107	          -0.0896301	          -0.9768372	          -0.0880737	          -0.0130043	          0.06474686
3835000000	         -0.01595306	          0.06289673	           -0.973877	          -0.0819092	          -0.9779053	          -0.0797119	         -0.01238251	          0.06130981
3841500000	         -0.01490402	          0.06025887	          -0.9750671	          -0.0757141	          -0.9779358	          -0.0733643	         -0.01159859	          0.05797386
3848000000	         -0.01385117	          0.05609512	           -0.975647	          -0.0683594	          -0.9783936	          -0.0661621	          -0.0105629	          0.05398369
3854500000	         -0.01281929	            0.052948	          -0.9760742	          -0.0613098	          -0.9793091	          -0.0601501	          -0.0104084	          0.05072784
3861000000	         -0.01209831	          0.04864693	          -0.9766846	          -0.0541687	          -0.9797974	          -0.0523682	         -0.00970078	           0.0472641
3867500000	         -0.01180458	           0.0453968	          -0.9778442	          -0.0474854	          -0.9801025	          -0.0460205	         -0.00959587	          0.04419708
3874000000	         -0.01200676	           0.0418148	          -0.9777527	          -0.0400696	          -0.9810791	          -0.0387573	         -0.00912094	          0.04015923
3880500000	         -0.01214027	          0.03918839	          -0.9781799	          -0.0335388	           -0.980835	          -0.0319519	         -0.00811577	          0.03673935
3887000000	         -0.01150322	          0.03521156	          -0.9791565	          -0.0256653	          -0.9810791	          -0.0249329	          -0.0079174	          0.03240013
3893500000	         -0.01113129	           0.0316391	          -0.9792786	          -0.0196533	          -0.9815063	          -0.0184326	         -0.00781441	          0.02911282
3900000000	         -0.01123714	          0.02704048	          -0.9791565	          -0.0120239	          -0.9816284	          -0.0107727	         -0.00778484	          0.02536011
