! 
! FILENAME TEFLON
# Hz S RI R 50
2600000000	          -0.5921631	          -0.0001831	          -0.0345764	          -0.7998047	           -0.033905	          -0.8045349	          -0.6003418	           0.0022888
2606500000	          -0.5910645	           0.0050354	          -0.0380859	          -0.8019409	          -0.0388184	          -0.8069763	          -0.5977478	           0.0080261
2613000000	          -0.5882874	           0.0075989	          -0.0429077	          -0.8057556	           -0.043335	          -0.8094788	          -0.5954285	           0.0120544
2619500000	          -0.5859985	           0.0131226	          -0.0472107	          -0.8067017	          -0.0489197	          -0.8103943	          -0.5924377	           0.0180664
2626000000	          -0.5818481	            0.015686	          -0.0522461	          -0.8079529	          -0.0517883	          -0.8110962	          -0.5898743	           0.0209045
2632500000	          -0.5774841	            0.020752	          -0.0559692	           -0.808136	          -0.0544739	          -0.8112488	          -0.5865784	           0.0257568
2639000000	          -0.5740662	           0.0209961	          -0.0594177	          -0.8110352	          -0.0575256	          -0.8147583	          -0.5836792	           0.0271301
2645500000	           -0.570343	           0.0231323	          -0.0646362	          -0.8122864	          -0.0629883	          -0.8168335	          -0.5805054	           0.0300293
2652000000	          -0.5675964	            0.020813	          -0.0706482	          -0.8158569	          -0.0698853	          -0.8199768	          -0.5776672	           0.0294495
2658500000	          -0.5670166	           0.0222168	          -0.0769348	          -0.8167419	          -0.0776367	          -0.8194885	          -0.5758972	           0.0319519
2665000000	           -0.566803	           0.0217285	          -0.0842285	          -0.8157959	          -0.0841064	          -0.8187866	          -0.5742798	           0.0316772
2671500000	          -0.5661011	           0.0245667	          -0.0885925	          -0.8147583	          -0.0876465	          -0.8166199	          -0.5725098	           0.0351563
2678000000	          -0.5661621	           0.0253601	          -0.0914307	          -0.8135376	          -0.0906067	          -0.8170166	          -0.5716248	           0.0362549
2684500000	          -0.5664063	           0.0292969	          -0.0946045	          -0.8141479	           -0.093689	          -0.8182373	          -0.5709229	           0.0408325
2691000000	          -0.5661621	           0.0323486	          -0.0979309	          -0.8164063	          -0.0975647	          -0.8203125	          -0.5697937	           0.0442505
2697500000	          -0.5648499	           0.0379639	          -0.1028137	          -0.8169861	           -0.102417	          -0.8199768	          -0.5685425	           0.0502625
2704000000	          -0.5632629	           0.0424194	          -0.1078186	           -0.818573	          -0.1065369	          -0.8197327	          -0.5655212	           0.0547485
2710500000	          -0.5599365	           0.0478516	          -0.1118164	          -0.8177795	          -0.1088562	          -0.8188171	          -0.5618286	           0.0604553
2717000000	          -0.5562744	           0.0506287	          -0.1152954	          -0.8178711	          -0.1123047	          -0.8192139	          -0.5582275	           0.0626831
2723500000	          -0.5527649	           0.0545959	          -0.1175537	          -0.8192444	          -0.1146545	          -0.8208618	          -0.5548706	           0.0665588
2730000000	          -0.5491943	           0.0560303	          -0.1218262	          -0.8213501	          -0.1200867	          -0.8231201	          -0.5519409	           0.0671082
2736500000	          -0.5455627	           0.0595703	          -0.1266785	           -0.822876	          -0.1255493	          -0.8240662	          -0.5487671	           0.0702515
2743000000	          -0.5418396	           0.0599976	          -0.1329041	          -0.8247681	          -0.1329651	           -0.824646	          -0.5454407	           0.0703125
2749500000	          -0.5393677	           0.0620728	          -0.1380005	          -0.8239746	          -0.1372681	          -0.8243408	          -0.5422058	           0.0718384
2756000000	           -0.537384	           0.0606384	          -0.1428528	          -0.8227234	          -0.1417847	           -0.822937	           -0.539917	            0.070282
2762500000	          -0.5365601	           0.0622253	           -0.145874	          -0.8225403	          -0.1450195	          -0.8233643	          -0.5389404	           0.0718994
2769000000	          -0.5362854	           0.0623169	           -0.150177	          -0.8240967	          -0.1498108	          -0.8245544	          -0.5385132	           0.0718384
2775500000	          -0.5363464	           0.0665283	          -0.1552429	          -0.8250732	           -0.154541	           -0.824707	          -0.5374756	           0.0747986
2782000000	          -0.5352173	            0.067749	          -0.1606445	          -0.8247986	          -0.1593628	          -0.8242798	          -0.5368347	           0.0763855
2788500000	          -0.5343628	           0.0727844	          -0.1645508	          -0.8227234	          -0.1628418	          -0.8244934	          -0.5361633	           0.0805969
2795000000	          -0.5335999	           0.0752563	          -0.1670532	          -0.8218689	          -0.1662903	          -0.8239746	          -0.5351257	           0.0830994
2801500000	          -0.5319214	           0.0804749	          -0.1688538	          -0.8218384	           -0.169281	          -0.8249207	          -0.5332947	           0.0881958
2808000000	          -0.5289307	           0.0840454	          -0.1715088	          -0.8233948	          -0.1737976	          -0.8243408	          -0.5308838	           0.0917969
2814500000	          -0.5260315	           0.0900879	          -0.1751709	          -0.8257446	          -0.1773987	          -0.8251343	          -0.5278015	           0.0975647
2821000000	          -0.5220642	           0.0932617	          -0.1799316	          -0.8265381	          -0.1809692	          -0.8247681	          -0.5244141	           0.1001282
2827500000	          -0.5178528	           0.0974426	          -0.1844788	          -0.8265991	          -0.1842651	          -0.8256531	          -0.5202637	           0.1036072
2834000000	          -0.5129395	           0.0982971	          -0.1885681	          -0.8261108	           -0.187561	          -0.8260193	          -0.5162354	           0.1043701
2840500000	           -0.509613	           0.1012878	          -0.1916199	          -0.8259888	          -0.1906128	          -0.8282166	          -0.5120239	           0.1056824
2847000000	          -0.5054321	           0.1008301	          -0.1942139	          -0.8266907	          -0.1943665	            -0.82901	          -0.5088196	           0.1044312
2853500000	           -0.502594	           0.1022339	          -0.1976013	          -0.8282776	          -0.2002869	          -0.8317261	           -0.506012	           0.1056519
2860000000	           -0.500061	            0.100769	          -0.2015991	          -0.8309326	          -0.2052917	          -0.8329163	          -0.5032349	           0.1036377
2866500000	          -0.4986877	           0.1015778	          -0.2073364	          -0.8327026	          -0.2098083	          -0.8328247	          -0.5014038	           0.1040649
2873000000	          -0.4984894	           0.1014252	          -0.2131653	          -0.8337097	          -0.2137146	          -0.8330078	           -0.500885	           0.1030273
2879500000	          -0.4980011	           0.1037598	          -0.2189026	          -0.8340454	          -0.2182312	          -0.8349304	          -0.5011902	           0.1047974
2886000000	          -0.4981537	           0.1046295	          -0.2242126	          -0.8340759	          -0.2237854	          -0.8358459	          -0.5013428	           0.1064148
2892500000	          -0.4987488	           0.1090851	          -0.2299194	          -0.8343506	          -0.2304993	          -0.8359375	          -0.5021362	           0.1104126
2899000000	          -0.4988098	           0.1117706	          -0.2355042	          -0.8335266	          -0.2366638	          -0.8337402	          -0.5021362	           0.1140747
2905500000	          -0.4972992	           0.1176147	          -0.2402649	          -0.8331299	          -0.2412109	          -0.8317871	          -0.5010681	           0.1196594
2912000000	           -0.494873	           0.1214294	          -0.2442627	           -0.831604	          -0.2440796	          -0.8304749	          -0.4989777	           0.1231537
2918500000	          -0.4915009	           0.1262817	          -0.2486877	          -0.8316345	          -0.2466431	          -0.8312683	          -0.4951019	           0.1277771
2925000000	          -0.4865723	           0.1315918	          -0.2528992	          -0.8312988	          -0.2510071	          -0.8322144	          -0.4891815	           0.1315765
2931500000	          -0.4816742	           0.1355743	          -0.2571106	          -0.8310547	           -0.256012	          -0.8323975	          -0.4825745	           0.1363678
2938000000	          -0.4759674	           0.1356506	          -0.2627258	          -0.8317871	           -0.260376	          -0.8323975	           -0.477356	           0.1367188
2944500000	          -0.4714508	           0.1365662	          -0.2671509	           -0.831604	          -0.2654114	          -0.8322449	          -0.4724579	           0.1373444
2951000000	          -0.4668732	           0.1351624	          -0.2723389	          -0.8313599	          -0.2695007	          -0.8306274	          -0.4676666	           0.1354675
2957500000	          -0.4641113	           0.1352081	          -0.2763062	          -0.8305054	          -0.2731018	           -0.829895	          -0.4635773	           0.1359863
2964000000	          -0.4616547	           0.1340332	           -0.280426	          -0.8302307	          -0.2762146	          -0.8293762	          -0.4615631	           0.1341248
2970500000	          -0.4596863	           0.1347198	          -0.2846069	          -0.8304749	          -0.2797852	          -0.8312378	          -0.4589081	           0.1339111
2977000000	          -0.4593506	           0.1330719	          -0.2903442	          -0.8328857	          -0.2853088	          -0.8331604	          -0.4581604	           0.1327057
2983500000	          -0.4594727	           0.1343536	          -0.2965088	          -0.8339844	          -0.2930298	          -0.8331909	          -0.4576416	           0.1346588
2990000000	          -0.4592133	           0.1351776	          -0.3037109	          -0.8331299	          -0.2995911	          -0.8330994	          -0.4584656	           0.1353607
2996500000	          -0.4593048	           0.1373749	          -0.3099365	          -0.8308411	          -0.3049622	          -0.8317871	          -0.4579926	            0.138916
3003000000	          -0.4589691	            0.140976	          -0.3153381	          -0.8288574	          -0.3102722	          -0.8300476	          -0.4576721	           0.1416931
3009500000	          -0.4581451	           0.1452942	          -0.3198547	          -0.8276978	          -0.3154907	          -0.8294983	          -0.4559021	            0.146225
3016000000	          -0.4558105	           0.1488647	            -0.32547	          -0.8268127	           -0.321991	          -0.8281555	           -0.454071	           0.1493683
3022500000	           -0.452774	           0.1530457	          -0.3309021	          -0.8257751	          -0.3270874	          -0.8259583	          -0.4508972	           0.1543579
3029000000	          -0.4487457	           0.1564026	          -0.3361816	          -0.8216248	          -0.3323975	          -0.8237305	          -0.4462433	           0.1573639
3035500000	           -0.443924	           0.1600647	          -0.3399963	          -0.8200073	           -0.335907	          -0.8216248	          -0.4418488	            0.160553
3042000000	          -0.4389648	           0.1612244	          -0.3437195	          -0.8192749	          -0.3396912	          -0.8201294	           -0.436676	           0.1616058
3048500000	          -0.4343262	           0.1628571	          -0.3473511	           -0.818512	          -0.3442383	           -0.819397	          -0.4317627	           0.1636047
3055000000	          -0.4298096	           0.1623993	          -0.3525696	          -0.8186035	          -0.3499451	          -0.8199463	          -0.4274445	           0.1634216
3061500000	          -0.4258728	           0.1629791	          -0.3581543	          -0.8178101	           -0.355896	          -0.8196106	          -0.4234161	           0.1646576
3068000000	          -0.4227448	           0.1621094	          -0.3655701	           -0.816803	          -0.3632202	          -0.8181458	          -0.4207458	            0.164093
3074500000	          -0.4196625	           0.1629028	          -0.3719788	          -0.8140869	          -0.3690186	          -0.8152161	          -0.4181366	           0.1656799
3081000000	          -0.4171753	           0.1618958	          -0.3775024	          -0.8095398	          -0.3738403	          -0.8118286	          -0.4162903	           0.1650848
3087500000	          -0.4151001	           0.1625214	          -0.3800354	          -0.8063354	          -0.3780823	          -0.8094482	          -0.4150391	           0.1660156
3094000000	          -0.4142303	           0.1617126	          -0.3836975	          -0.8044434	          -0.3833008	          -0.8080139	          -0.4152985	            0.165863
3100500000	          -0.4134827	            0.163147	          -0.3878174	          -0.8036194	           -0.388031	          -0.8058472	           -0.414978	           0.1678925
3107000000	          -0.4125824	           0.1641693	          -0.3951416	          -0.8023682	          -0.3936768	           -0.801239	          -0.4152374	           0.1690369
3113500000	           -0.411438	           0.1666565	          -0.4002991	          -0.7980957	          -0.3965759	          -0.7975769	          -0.4138641	           0.1719971
3120000000	          -0.4096832	           0.1669922	          -0.4046021	          -0.7930298	          -0.3988342	          -0.7952576	          -0.4129639	           0.1726379
3126500000	          -0.4088287	           0.1697845	          -0.4057617	          -0.7900391	          -0.4015198	           -0.795166	          -0.4117126	           0.1750641
3133000000	          -0.4073486	           0.1721802	          -0.4070129	          -0.7895203	           -0.406189	          -0.7954102	          -0.4104767	           0.1771698
3139500000	          -0.4046173	           0.1759644	          -0.4106445	          -0.7897034	           -0.412323	          -0.7944336	          -0.4078522	           0.1806793
3146000000	          -0.4005127	            0.178772	          -0.4165039	          -0.7896729	          -0.4191284	          -0.7901611	          -0.4036407	           0.1832428
3152500000	          -0.3958588	           0.1821747	          -0.4222107	          -0.7877808	          -0.4227295	          -0.7865906	          -0.3987885	           0.1864777
3159000000	           -0.390625	           0.1828461	          -0.4269104	          -0.7842407	          -0.4255371	          -0.7831726	          -0.3937073	           0.1871338
3165500000	          -0.3863983	           0.1848145	          -0.4304504	          -0.7825317	          -0.4276428	          -0.7821655	          -0.3900909	           0.1887512
3172000000	          -0.3815613	           0.1858673	          -0.4344177	          -0.7811279	          -0.4312439	          -0.7813416	          -0.3866577	           0.1887817
3178500000	          -0.3778076	           0.1872101	          -0.4384155	          -0.7806396	          -0.4358215	          -0.7810974	           -0.382843	           0.1900024
3185000000	          -0.3745575	            0.186615	          -0.4433899	          -0.7790222	          -0.4414063	          -0.7789307	          -0.3799438	           0.1889496
3191500000	            -0.37117	            0.186615	          -0.4486694	          -0.7770691	          -0.4464417	          -0.7762451	          -0.3767395	           0.1888885
3198000000	           -0.368988	           0.1848145	          -0.4535828	          -0.7733459	          -0.4499512	          -0.7713928	          -0.3751221	           0.1867828
3204500000	          -0.3679657	           0.1842651	          -0.4567871	          -0.7697144	          -0.4519653	          -0.7677917	          -0.3736572	           0.1860199
3211000000	          -0.3674316	           0.1837769	          -0.4589539	          -0.7664185	           -0.453949	          -0.7661743	          -0.3728943	            0.184845
3217500000	          -0.3660889	           0.1855621	          -0.4618225	          -0.7658386	          -0.4575195	          -0.7657166	          -0.3716888	           0.1862335
3224000000	          -0.3654327	           0.1866302	          -0.4650574	          -0.7657471	          -0.4621277	          -0.7648926	          -0.3704834	            0.186142
3230500000	           -0.363266	           0.1889648	          -0.4703674	          -0.7647095	          -0.4666138	          -0.7628784	          -0.3693237	           0.1885071
3237000000	          -0.3617096	           0.1890411	          -0.4759827	          -0.7616577	          -0.4709473	          -0.7584839	          -0.3674316	            0.189209
3243500000	          -0.3600159	           0.1912231	          -0.4801636	          -0.7590637	          -0.4735107	          -0.7562256	          -0.3652039	           0.1918335
3250000000	          -0.3583221	           0.1931458	          -0.4822693	          -0.7557068	          -0.4753723	          -0.7549438	          -0.3641815	           0.1934662
3256500000	          -0.3557587	           0.1967316	          -0.4842224	          -0.7559509	          -0.4784851	          -0.7558289	           -0.361908	           0.1969147
3263000000	          -0.3523102	           0.1998749	          -0.4882202	          -0.7564392	           -0.482666	          -0.7556458	          -0.3584595	           0.1994019
3269500000	          -0.3483582	           0.2030945	           -0.493042	          -0.7572937	          -0.4877625	          -0.7555847	          -0.3549957	           0.2019806
3276000000	          -0.3437042	             0.20401	          -0.4995117	           -0.756012	          -0.4936523	          -0.7529602	           -0.350769	           0.2028656
3282500000	          -0.3388214	           0.2051239	           -0.506134	          -0.7545776	          -0.4975891	          -0.7503967	          -0.3466644	           0.2039185
3289000000	          -0.3358765	           0.2050934	          -0.5105591	          -0.7506409	          -0.5014648	          -0.7475586	          -0.3433228	           0.2036438
3295500000	          -0.3320313	           0.2055969	          -0.5160217	          -0.7485962	          -0.5058899	          -0.7461548	          -0.3397064	           0.2043457
3302000000	          -0.3282166	           0.2049561	           -0.519928	          -0.7454834	          -0.5112915	          -0.7442627	          -0.3361816	           0.2029572
3308500000	          -0.3256683	           0.2047119	          -0.5241394	          -0.7436829	          -0.5158081	           -0.741394	          -0.3330231	           0.2033081
3315000000	          -0.3227081	           0.2032623	           -0.529541	          -0.7407837	          -0.5207214	          -0.7383118	          -0.3300934	            0.201355
3321500000	          -0.3196869	           0.2028046	          -0.5331421	          -0.7381287	          -0.5244141	            -0.73526	           -0.326828	           0.2012329
3328000000	           -0.317215	           0.2016144	          -0.5377502	          -0.7350464	          -0.5271912	          -0.7329102	          -0.3252411	           0.2000427
3334500000	          -0.3152008	           0.2020569	           -0.542511	          -0.7322998	          -0.5307312	          -0.7330322	          -0.3236694	           0.2010345
3341000000	          -0.3132019	           0.2011871	          -0.5467224	          -0.7294312	          -0.5352173	           -0.732666	          -0.3216553	           0.2011871
3347500000	          -0.3108063	           0.2011414	          -0.5508728	          -0.7276001	          -0.5412903	          -0.7322693	          -0.3205109	           0.2031403
3354000000	          -0.3095856	            0.201355	          -0.5556946	          -0.7258606	          -0.5478516	          -0.7296753	          -0.3181763	           0.2045288
3360500000	          -0.3080902	           0.2029419	          -0.5604553	          -0.7232056	          -0.5523987	          -0.7262268	          -0.3165588	           0.2074127
3367000000	          -0.3063354	           0.2039337	          -0.5652771	          -0.7192078	          -0.5543823	          -0.7230835	          -0.3145294	           0.2094269
3373500000	          -0.3036652	           0.2066498	          -0.5692139	          -0.7171021	          -0.5567627	          -0.7221069	          -0.3118744	           0.2121277
3380000000	          -0.3003998	           0.2080994	          -0.5724487	          -0.7149353	          -0.5607605	          -0.7232056	          -0.3084869	           0.2146606
3386500000	          -0.2970581	            0.209549	          -0.5768127	          -0.7131348	          -0.5658875	           -0.723114	           -0.305481	           0.2163849
3393000000	          -0.2942505	           0.2084808	          -0.5817871	          -0.7102051	           -0.573761	          -0.7226868	          -0.3020325	           0.2182617
3399500000	          -0.2922211	           0.2084503	          -0.5861816	          -0.7080994	          -0.5802002	          -0.7202454	          -0.2982178	            0.219635
3406000000	           -0.289093	           0.2080688	          -0.5913696	          -0.7050781	          -0.5868225	          -0.7168884	          -0.2928772	           0.2203979
3412500000	          -0.2841187	           0.2077026	          -0.5968018	          -0.7026672	          -0.5914307	          -0.7148743	            -0.28862	           0.2206421
3419000000	          -0.2822113	           0.2070313	          -0.6017151	          -0.6986694	           -0.598175	          -0.7138672	          -0.2837372	           0.2206268
3425500000	          -0.2797394	           0.2065582	          -0.6059265	          -0.6955261	          -0.6049194	          -0.7132263	          -0.2793884	           0.2225494
3432000000	          -0.2785034	           0.2055511	          -0.6118469	          -0.6925659	          -0.6147156	           -0.709259	          -0.2750702	           0.2221375
3438500000	          -0.2767334	           0.2070007	          -0.6165466	          -0.6890869	          -0.6208191	          -0.7034607	          -0.2723999	            0.223526
3445000000	          -0.2753448	            0.206192	          -0.6221313	          -0.6843872	          -0.6264648	          -0.6958313	          -0.2681885	             0.22435
3451500000	          -0.2754974	           0.2051086	          -0.6282043	          -0.6763916	          -0.6306458	          -0.6893005	          -0.2611694	           0.2297668
3458000000	          -0.2633057	           0.2279205	          -0.5985107	          -0.6893005	          -0.6018982	          -0.7016296	          -0.2798004	           0.1805878
3464500000	          -0.2657318	           0.2116547	          -0.6235657	          -0.6800232	          -0.6286316	          -0.6973267	          -0.2706909	           0.2153778
3471000000	          -0.2671204	           0.2088928	          -0.6292114	          -0.6756592	          -0.6390076	          -0.6938477	          -0.2649689	           0.2193604
3477500000	          -0.2676544	           0.2112274	          -0.6338196	          -0.6747131	          -0.6476746	          -0.6891785	          -0.2616272	           0.2213287
3484000000	          -0.2662048	            0.213974	          -0.6404724	          -0.6717224	          -0.6541443	          -0.6809998	          -0.2588806	           0.2220001
3490500000	          -0.2631073	           0.2163696	          -0.6458435	          -0.6681519	          -0.6572266	          -0.6751099	          -0.2552338	           0.2229767
3497000000	          -0.2592316	            0.216629	          -0.6513062	          -0.6632996	          -0.6597595	          -0.6708374	           -0.252533	           0.2238159
3503500000	          -0.2563629	           0.2172699	          -0.6542358	           -0.659729	          -0.6628113	          -0.6681519	          -0.2491913	           0.2253952
3510000000	          -0.2539673	           0.2172699	          -0.6569824	          -0.6565857	          -0.6680603	          -0.6653748	          -0.2448273	           0.2256241
3516500000	          -0.2516327	           0.2189484	          -0.6608276	          -0.6552429	          -0.6722412	          -0.6617126	          -0.2415009	           0.2262955
3523000000	          -0.2484665	           0.2202072	          -0.6669006	          -0.6546631	          -0.6778259	          -0.6570129	          -0.2382355	           0.2266312
3529500000	          -0.2445068	           0.2219391	          -0.6726074	          -0.6516418	          -0.6807251	          -0.6529541	           -0.234314	            0.227417
3536000000	          -0.2406387	           0.2213287	          -0.6790161	          -0.6463013	          -0.6838989	          -0.6492004	           -0.231102	           0.2264252
3542500000	          -0.2370529	           0.2220154	          -0.6825867	           -0.641449	          -0.6877747	          -0.6468201	          -0.2277527	           0.2265396
3549000000	          -0.2344894	           0.2209091	          -0.6850586	          -0.6364441	          -0.6922302	          -0.6430054	          -0.2247391	           0.2256622
3555500000	          -0.2315598	             0.22155	          -0.6881714	           -0.635376	          -0.6964111	          -0.6392822	          -0.2220154	            0.225853
3562000000	          -0.2287598	           0.2221298	          -0.6936035	           -0.633606	           -0.700531	          -0.6334229	          -0.2194901	           0.2248077
3568500000	          -0.2254868	           0.2225571	          -0.7002869	          -0.6309204	          -0.7034302	          -0.6298828	          -0.2164459	           0.2245712
3575000000	          -0.2220306	           0.2219467	          -0.7070007	          -0.6246643	          -0.7065125	          -0.6256104	          -0.2140503	           0.2230911
3581500000	          -0.2192535	           0.2222366	          -0.7099609	          -0.6188965	          -0.7095642	          -0.6227722	          -0.2116547	           0.2225571
3588000000	          -0.2167206	           0.2212524	          -0.7125244	          -0.6127319	          -0.7138062	          -0.6192932	          -0.2097626	           0.2217026
3594500000	          -0.2145615	           0.2217026	          -0.7144775	          -0.6105042	          -0.7173767	          -0.6160278	          -0.2079086	           0.2220383
3601000000	          -0.2119904	            0.221489	          -0.7174072	          -0.6073303	          -0.7222595	          -0.6115417	           -0.205719	           0.2215347
3607500000	          -0.2094498	           0.2227478	          -0.7217102	          -0.6056519	          -0.7246399	          -0.6082458	           -0.203125	           0.2217865
3614000000	          -0.2062912	           0.2226944	          -0.7272949	          -0.6010132	          -0.7278137	          -0.6042786	          -0.2010574	           0.2215576
3620500000	          -0.2027893	           0.2230377	          -0.7316895	          -0.5958557	          -0.7315674	          -0.6019592	          -0.1978912	           0.2214508
3627000000	           -0.198555	           0.2225494	          -0.7344055	          -0.5901794	           -0.736145	          -0.5973206	          -0.1956787	           0.2208862
3633500000	          -0.1929779	           0.2194748	          -0.7348022	          -0.5838623	          -0.7390137	          -0.5906982	           -0.195137	           0.2203064
3640000000	          -0.1926575	           0.2222214	          -0.7384338	          -0.5842896	          -0.7441406	          -0.5892639	          -0.1899643	            0.220192
3646500000	          -0.1888885	           0.2223282	           -0.742218	          -0.5821533	           -0.747406	          -0.5862732	          -0.1868973	           0.2207184
3653000000	          -0.1847687	           0.2222519	          -0.7477722	          -0.5784607	          -0.7513428	          -0.5821838	          -0.1840744	            0.219368
3659500000	          -0.1813583	           0.2226028	          -0.7511597	          -0.5742798	          -0.7543945	          -0.5795593	          -0.1813812	           0.2194061
3666000000	          -0.1783218	           0.2208939	          -0.7539368	          -0.5689087	          -0.7581177	          -0.5763855	          -0.1787338	            0.218956
3672500000	          -0.1749496	           0.2197571	          -0.7566223	          -0.5654907	          -0.7628784	          -0.5728455	          -0.1752014	           0.2185135
3679000000	          -0.1724548	           0.2184677	          -0.7594299	          -0.5621643	           -0.768158	          -0.5686951	          -0.1715012	           0.2164764
3685500000	          -0.1695938	            0.218071	          -0.7622986	          -0.5604858	          -0.7724304	          -0.5646973	          -0.1693954	           0.2155762
3692000000	          -0.1664581	            0.216301	          -0.7680969	          -0.5575867	          -0.7762756	          -0.5597229	          -0.1661072	           0.2139053
3698500000	          -0.1635742	           0.2141724	           -0.772522	          -0.5536194	          -0.7792053	          -0.5558167	          -0.1637878	            0.213356
3705000000	          -0.1607285	           0.2135696	          -0.7771912	          -0.5481567	          -0.7827759	          -0.5521545	          -0.1617279	           0.2129135
3711500000	          -0.1582489	           0.2119446	          -0.7797852	          -0.5428772	          -0.7864685	          -0.5486755	          -0.1588593	           0.2121277
3718000000	          -0.1561432	           0.2105789	          -0.7826843	          -0.5390625	          -0.7909546	          -0.5440063	          -0.1563492	            0.211586
3724500000	          -0.1540146	            0.210144	          -0.7855835	          -0.5351563	          -0.7947083	          -0.5401611	          -0.1533661	           0.2108688
3731000000	           -0.151268	           0.2093201	          -0.7888184	          -0.5324402	          -0.7988281	           -0.535675	           -0.151001	           0.2097321
3737500000	          -0.1489334	           0.2096558	          -0.7918701	          -0.5291443	          -0.8026123	          -0.5313416	            -0.14814	           0.2090988
3744000000	          -0.1461029	           0.2085037	          -0.7961426	          -0.5250244	          -0.8060608	          -0.5273438	          -0.1453705	           0.2077637
3750500000	          -0.1427765	           0.2085266	          -0.7989502	          -0.5209656	          -0.8100586	          -0.5237427	          -0.1421204	           0.2072449
3757000000	          -0.1408005	           0.2068405	          -0.8031921	          -0.5169983	          -0.8145142	          -0.5192566	          -0.1389542	           0.2053909
3763500000	          -0.1377716	           0.2071228	          -0.8069763	          -0.5136414	          -0.8181152	          -0.5147095	          -0.1361465	           0.2041626
3770000000	          -0.1342239	           0.2051544	          -0.8114624	          -0.5090027	          -0.8215332	          -0.5101318	          -0.1335907	           0.2023163
3776500000	          -0.1317444	           0.2039642	          -0.8147583	          -0.5044556	          -0.8246765	           -0.505249	          -0.1316757	           0.2014999
3783000000	          -0.1289825	           0.2023697	          -0.8188782	          -0.4991455	          -0.8284912	          -0.5004883	          -0.1291885	           0.2000732
3789500000	          -0.1259155	           0.2013931	          -0.8210754	           -0.494751	          -0.8305664	          -0.4964294	          -0.1260757	           0.1999969
3796000000	          -0.1236801	           0.1994171	          -0.8236694	          -0.4909973	          -0.8344116	          -0.4916077	          -0.1224594	           0.1986008
3802500000	          -0.1215134	            0.198761	          -0.8258362	          -0.4871521	          -0.8378296	          -0.4879456	          -0.1189041	           0.1967163
3809000000	          -0.1185684	            0.197052	           -0.829895	          -0.4845276	          -0.8421326	          -0.4830017	          -0.1161957	           0.1936493
3815500000	          -0.1159439	           0.1959229	          -0.8338013	          -0.4807434	          -0.8441162	          -0.4787598	          -0.1147385	           0.1920624
3822000000	          -0.1136932	           0.1947479	          -0.8380737	          -0.4751587	          -0.8483276	          -0.4734802	          -0.1131058	           0.1897812
3828500000	          -0.1108856	           0.1932907	          -0.8414307	          -0.4710999	          -0.8508606	          -0.4692688	          -0.1116104	           0.1891174
3835000000	          -0.1092529	           0.1916428	          -0.8446655	           -0.465332	          -0.8542175	          -0.4642639	          -0.1099243	           0.1873016
3841500000	          -0.1071014	           0.1910782	          -0.8475342	          -0.4617004	          -0.8568726	          -0.4597168	          -0.1079483	           0.1862259
3848000000	          -0.1048279	           0.1895981	          -0.8513184	          -0.4567566	          -0.8600769	          -0.4544983	          -0.1055603	           0.1844559
3854500000	          -0.1021118	           0.1889191	           -0.854187	          -0.4529724	          -0.8629456	          -0.4501648	          -0.1039886	           0.1835861
3861000000	          -0.0993881	           0.1870193	          -0.8581543	          -0.4476624	          -0.8658142	          -0.4447327	          -0.1016083	           0.1821136
3867500000	          -0.0969467	           0.1858749	          -0.8609619	          -0.4434814	          -0.8674011	          -0.4405823	          -0.0992661	           0.1810608
3874000000	          -0.0951004	           0.1837692	          -0.8641052	          -0.4387817	          -0.8714905	          -0.4359741	          -0.0972061	           0.1791153
3880500000	          -0.0936966	           0.1828232	          -0.8656311	          -0.4345398	           -0.874054	          -0.4317017	          -0.0944672	           0.1782303
3887000000	          -0.0912857	           0.1813507	          -0.8702393	          -0.4303284	          -0.8769531	          -0.4263306	          -0.0927353	           0.1760483
3893500000	          -0.0892105	           0.1800613	          -0.8736267	          -0.4263611	          -0.8792419	          -0.4224854	            -0.09095	           0.1749344
3900000000	          -0.0866928	           0.1781693	          -0.8782959	            -0.42099	          -0.8823547	          -0.4168091	          -0.0891266	           0.1735535
