! 
! FILENAME FOAM_MUT_20mm_NTG
# Hz S RI R 50
2600000000	          -0.5109558	           0.1060181	           0.0048218	          -0.6411133	           0.0076904	          -0.6430969	          -0.5260925	           0.0776062
2606500000	          -0.5082397	            0.110321	           0.0012207	          -0.6429443	           0.0030518	          -0.6455383	          -0.5232544	           0.0817871
2613000000	          -0.5057678	           0.1123352	          -0.0032043	          -0.6457214	           -0.001709	          -0.6471252	          -0.5204468	           0.0836487
2619500000	          -0.5023193	           0.1163025	          -0.0075073	          -0.6464233	          -0.0054016	          -0.6471863	          -0.5167542	           0.0881653
2626000000	          -0.4992065	           0.1178589	          -0.0116882	           -0.647583	           -0.007782	          -0.6474609	          -0.5132141	           0.0897827
2632500000	          -0.4948883	           0.1205902	          -0.0154114	          -0.6483459	          -0.0093689	          -0.6490479	          -0.5093384	            0.092926
2639000000	          -0.4908447	           0.1203461	          -0.0192261	          -0.6505127	           -0.012207	          -0.6525269	           -0.506073	           0.0932617
2645500000	          -0.4868164	           0.1223755	          -0.0234375	          -0.6520081	          -0.0169067	          -0.6553345	          -0.5027161	           0.0953369
2652000000	          -0.4838104	           0.1209869	          -0.0291138	          -0.6539001	          -0.0233765	          -0.6577759	          -0.5002441	           0.0939331
2658500000	          -0.4812317	           0.1223145	          -0.0350037	          -0.6539612	          -0.0292358	          -0.6573792	          -0.4980774	           0.0951691
2665000000	          -0.4799347	           0.1215363	          -0.0404663	          -0.6533508	          -0.0341187	          -0.6556091	          -0.4964752	           0.0935364
2671500000	           -0.478363	            0.123642	          -0.0440369	          -0.6515808	          -0.0370178	          -0.6547852	          -0.4945374	           0.0947876
2678000000	          -0.4777527	           0.1234283	          -0.0468445	          -0.6513367	          -0.0387878	          -0.6553955	          -0.4940338	           0.0942078
2684500000	          -0.4767761	           0.1263733	          -0.0492249	           -0.651825	           -0.041687	          -0.6571655	           -0.492981	           0.0971832
2691000000	          -0.4757385	           0.1275024	          -0.0528259	          -0.6533813	          -0.0460205	          -0.6589355	          -0.4925537	           0.0988007
2697500000	          -0.4739075	           0.1307831	          -0.0570374	          -0.6537781	           -0.050293	          -0.6595764	          -0.4910431	           0.1032867
2704000000	          -0.4718628	           0.1329651	          -0.0617676	           -0.653656	          -0.0538635	          -0.6590271	            -0.48909	           0.1059265
2710500000	          -0.4687805	           0.1371307	          -0.0644836	          -0.6528931	          -0.0560303	          -0.6589355	          -0.4862823	           0.1097412
2717000000	          -0.4650879	           0.1387177	          -0.0670776	          -0.6529846	          -0.0575562	          -0.6601563	          -0.4835815	           0.1109772
2723500000	          -0.4612885	           0.1421509	          -0.0691223	          -0.6541443	          -0.0600281	          -0.6625671	          -0.4803619	           0.1137695
2730000000	          -0.4573517	           0.1431885	          -0.0728455	          -0.6559143	          -0.0641479	          -0.6653137	          -0.4771729	           0.1140289
2736500000	          -0.4534302	           0.1452179	          -0.0768738	          -0.6576233	           -0.069458	          -0.6670532	          -0.4735107	           0.1157227
2743000000	          -0.4503021	           0.1448517	          -0.0822144	          -0.6580505	          -0.0751343	          -0.6673889	          -0.4702301	           0.1147919
2749500000	           -0.447052	           0.1459198	          -0.0860596	          -0.6576233	          -0.0787964	           -0.666748	          -0.4671631	           0.1155548
2756000000	          -0.4449158	            0.144577	          -0.0895996	          -0.6568298	          -0.0813599	          -0.6663818	          -0.4656067	           0.1137848
2762500000	          -0.4430389	           0.1455383	          -0.0919189	           -0.657196	          -0.0841064	          -0.6675415	          -0.4647369	           0.1149292
2769000000	          -0.4413757	           0.1446838	          -0.0953064	          -0.6581726	          -0.0878296	          -0.6691284	           -0.464859	           0.1143646
2775500000	          -0.4399872	           0.1465607	          -0.0994873	          -0.6593323	          -0.0923462	          -0.6706543	          -0.4647522	           0.1162872
2782000000	          -0.4391937	           0.1468506	          -0.1042175	          -0.6583557	          -0.0970764	          -0.6703796	           -0.465271	           0.1165619
2788500000	          -0.4379883	           0.1498566	          -0.1070862	           -0.657135	          -0.1008606	          -0.6698608	          -0.4648285	           0.1193085
2795000000	          -0.4370575	           0.1516724	          -0.1090393	          -0.6559753	          -0.1037598	          -0.6695862	           -0.464447	           0.1206207
2801500000	          -0.4351501	            0.155777	          -0.1104431	          -0.6570435	          -0.1065674	          -0.6699524	          -0.4629669	           0.1241913
2808000000	          -0.4327087	           0.1580048	          -0.1128235	          -0.6587219	          -0.1104736	          -0.6705627	          -0.4611664	           0.1264496
2814500000	          -0.4295197	           0.1617279	          -0.1163635	           -0.660675	          -0.1142578	          -0.6705933	          -0.4581451	            0.130661
2821000000	          -0.4260101	           0.1628113	          -0.1209106	          -0.6610107	          -0.1176147	          -0.6698303	          -0.4549561	           0.1327515
2827500000	          -0.4220734	           0.1653595	          -0.1246948	          -0.6611938	          -0.1195068	          -0.6691895	          -0.4514313	           0.1360626
2834000000	          -0.4184113	           0.1656036	          -0.1278076	          -0.6607666	          -0.1207886	           -0.670105	          -0.4480438	           0.1366882
2840500000	          -0.4142303	           0.1675873	          -0.1302795	           -0.661438	          -0.1230164	          -0.6727905	          -0.4450684	           0.1385956
2847000000	          -0.4096832	            0.167099	          -0.1329346	          -0.6624146	          -0.1265869	          -0.6761475	          -0.4428406	           0.1380005
2853500000	          -0.4057922	           0.1677551	          -0.1360779	          -0.6642151	          -0.1318665	          -0.6782532	          -0.4408569	           0.1385651
2860000000	          -0.4030304	           0.1654205	          -0.1404419	          -0.6658325	          -0.1382446	          -0.6786499	          -0.4394989	           0.1366425
2866500000	          -0.4010773	           0.1651001	          -0.1454468	          -0.6673279	          -0.1431274	           -0.677948	          -0.4387512	           0.1371155
2873000000	           -0.401001	           0.1635132	          -0.1505432	           -0.667572	           -0.146759	          -0.6772156	          -0.4391785	           0.1360779
2879500000	          -0.4008179	            0.164444	          -0.1553345	           -0.667572	          -0.1504517	          -0.6784668	          -0.4394684	           0.1381378
2886000000	          -0.4016113	           0.1644897	            -0.15979	          -0.6669006	          -0.1563721	          -0.6800537	          -0.4404907	           0.1398926
2892500000	          -0.4012451	            0.166626	          -0.1643372	          -0.6669922	          -0.1633606	          -0.6797791	          -0.4405823	           0.1442719
2899000000	          -0.4010315	           0.1679688	          -0.1690979	          -0.6661682	          -0.1699524	          -0.6759949	           -0.440094	           0.1482086
2905500000	          -0.3996735	           0.1713257	          -0.1731873	          -0.6652527	          -0.1725769	          -0.6718445	          -0.4384308	           0.1534119
2912000000	          -0.3976746	            0.173996	          -0.1766357	          -0.6645203	          -0.1719971	          -0.6697998	          -0.4361115	           0.1564484
2918500000	           -0.394104	           0.1776733	          -0.1800537	          -0.6644897	          -0.1719666	          -0.6717529	          -0.4328613	           0.1608734
2925000000	          -0.3891602	           0.1804047	          -0.1838684	           -0.664093	           -0.175293	           -0.675415	          -0.4281921	           0.1655121
2931500000	          -0.3844147	            0.183197	          -0.1882629	          -0.6639099	          -0.1808472	          -0.6773071	          -0.4224701	           0.1695099
2938000000	          -0.3804626	           0.1825409	           -0.192749	          -0.6629333	          -0.1882324	          -0.6767578	          -0.4169464	           0.1702423
2944500000	          -0.3769226	           0.1829681	          -0.1965637	          -0.6620178	          -0.1936951	          -0.6747131	          -0.4117737	           0.1717987
2951000000	          -0.3733521	           0.1811676	          -0.2001648	          -0.6608276	          -0.1967773	          -0.6716003	          -0.4072418	           0.1707916
2957500000	          -0.3697052	           0.1804962	          -0.2034302	          -0.6602783	          -0.1981506	           -0.671051	          -0.4036865	           0.1712646
2964000000	          -0.3669281	           0.1779327	          -0.2070618	          -0.6601868	          -0.2007141	          -0.6722717	          -0.4013977	           0.1702576
2970500000	          -0.3643951	           0.1769409	          -0.2108765	          -0.6604309	          -0.2051086	          -0.6744385	           -0.399353	           0.1711426
2977000000	          -0.3635559	           0.1740723	          -0.2156982	          -0.6604614	          -0.2114868	          -0.6751404	          -0.3980865	           0.1707458
2983500000	           -0.363266	           0.1743469	          -0.2205811	           -0.659668	          -0.2174988	          -0.6738281	          -0.3968048	           0.1721649
2990000000	          -0.3640137	           0.1737823	          -0.2254944	          -0.6582947	          -0.2223206	          -0.6709595	          -0.3956299	           0.1720886
2996500000	          -0.3637848	           0.1757355	          -0.2293701	          -0.6563721	          -0.2251282	          -0.6692505	          -0.3937073	           0.1741028
3003000000	          -0.3636932	           0.1768341	          -0.2329712	          -0.6548767	           -0.228363	          -0.6685791	          -0.3916168	           0.1748047
3009500000	          -0.3625031	           0.1792908	          -0.2365417	          -0.6539612	           -0.232605	          -0.6687927	          -0.3886261	           0.1774445
3016000000	          -0.3615112	           0.1809387	          -0.2407837	           -0.652771	          -0.2381592	          -0.6675415	          -0.3851776	           0.1791077
3022500000	          -0.3593445	           0.1837311	          -0.2445068	          -0.6507568	          -0.2424316	          -0.6657104	          -0.3811035	            0.181839
3029000000	           -0.356308	           0.1852112	          -0.2480164	          -0.6485596	           -0.245697	          -0.6627808	          -0.3766174	           0.1830139
3035500000	          -0.3523865	           0.1875916	          -0.2503052	          -0.6472778	          -0.2480469	           -0.662323	          -0.3722839	           0.1849823
3042000000	          -0.3480835	           0.1880035	          -0.2532959	          -0.6463623	          -0.2514954	           -0.662384	          -0.3681946	           0.1850891
3048500000	          -0.3436432	            0.188797	          -0.2565002	          -0.6459351	           -0.256012	          -0.6628418	          -0.3643646	           0.1861725
3055000000	          -0.3398438	           0.1877441	          -0.2607422	          -0.6453247	          -0.2617493	          -0.6614075	          -0.3600311	            0.184906
3061500000	          -0.3366547	            0.187851	          -0.2645569	          -0.6443481	          -0.2665405	          -0.6591797	          -0.3560333	           0.1846771
3068000000	          -0.3341217	           0.1864166	          -0.2688599	          -0.6428528	          -0.2711792	          -0.6556702	          -0.3522339	           0.1822052
3074500000	          -0.3315582	           0.1865997	          -0.2724304	          -0.6413574	          -0.2738953	          -0.6531372	          -0.3487549	           0.1811218
3081000000	          -0.3295135	           0.1845551	          -0.2761841	          -0.6394043	          -0.2763977	          -0.6512146	          -0.3460236	           0.1783142
3087500000	          -0.3277588	           0.1841278	          -0.2790527	          -0.6377869	          -0.2792664	          -0.6504517	          -0.3441772	            0.177536
3094000000	          -0.3269196	           0.1824036	          -0.2826538	          -0.6365662	          -0.2830505	          -0.6492615	          -0.3430481	           0.1756592
3100500000	          -0.3260193	           0.1822052	          -0.2861633	          -0.6357117	          -0.2870789	          -0.6477356	          -0.3418427	           0.1758423
3107000000	          -0.3257446	           0.1814423	          -0.2910156	          -0.6340942	          -0.2903748	          -0.6452637	          -0.3414917	           0.1750488
3113500000	          -0.3252411	           0.1828918	          -0.2943726	          -0.6317139	          -0.2922974	          -0.6438904	          -0.3408966	           0.1758728
3120000000	          -0.3250122	           0.1837311	          -0.2975159	          -0.6282349	          -0.2946472	          -0.6433411	          -0.3407135	           0.1756897
3126500000	           -0.323822	           0.1864471	          -0.2991638	          -0.6267395	          -0.2979736	          -0.6438599	          -0.3395386	           0.1774139
3133000000	          -0.3222656	           0.1881866	          -0.3014526	          -0.6259766	           -0.303833	          -0.6433716	          -0.3378296	           0.1782227
3139500000	           -0.319519	           0.1906281	          -0.3044128	          -0.6256714	          -0.3092346	          -0.6414185	          -0.3349304	           0.1800232
3146000000	          -0.3167267	           0.1919403	          -0.3088379	          -0.6249084	          -0.3143311	           -0.637085	          -0.3312836	           0.1807709
3152500000	          -0.3131104	           0.1940765	             -0.3125	          -0.6235352	          -0.3167419	          -0.6338806	          -0.3273621	           0.1823578
3159000000	          -0.3091431	           0.1943512	          -0.3164368	          -0.6216125	          -0.3186035	          -0.6316223	          -0.3232727	           0.1825714
3165500000	          -0.3049164	           0.1952362	          -0.3192749	          -0.6206665	          -0.3208008	          -0.6313477	          -0.3188782	           0.1840057
3172000000	          -0.3006439	            0.194397	          -0.3231812	          -0.6195679	          -0.3247986	          -0.6313171	           -0.315094	           0.1838837
3178500000	          -0.2966309	           0.1940613	          -0.3266296	          -0.6182861	          -0.3291626	          -0.6306152	          -0.3115997	            0.184082
3185000000	          -0.2935333	           0.1921844	          -0.3309021	          -0.6163635	           -0.334198	          -0.6281128	          -0.3084717	           0.1822815
3191500000	          -0.2909241	             0.19133	          -0.3345032	           -0.614502	          -0.3375549	          -0.6257019	          -0.3057251	            0.181366
3198000000	          -0.2888184	           0.1890106	          -0.3386841	          -0.6118774	          -0.3406067	           -0.622345	          -0.3036804	           0.1782837
3204500000	           -0.287384	           0.1885223	          -0.3416748	          -0.6097412	          -0.3430786	          -0.6208801	          -0.3019409	            0.177124
3211000000	          -0.2861938	           0.1869354	           -0.344574	          -0.6068115	          -0.3463745	          -0.6196289	           -0.300827	           0.1749268
3217500000	          -0.2847595	           0.1865845	          -0.3471375	           -0.605072	           -0.349823	           -0.618927	          -0.2991791	           0.1748657
3224000000	          -0.2841644	           0.1855774	          -0.3501587	          -0.6036072	          -0.3549194	          -0.6169739	          -0.2978668	           0.1741943
3230500000	          -0.2833252	           0.1861572	           -0.353302	          -0.6027832	          -0.3588867	           -0.614563	           -0.296463	           0.1749268
3237000000	          -0.2824554	           0.1863098	          -0.3571777	          -0.6008911	          -0.3621216	          -0.6112671	          -0.2954102	            0.174942
3243500000	          -0.2809753	           0.1880798	          -0.3601379	          -0.5991821	          -0.3639526	          -0.6092834	          -0.2943115	           0.1762543
3250000000	          -0.2791443	           0.1889191	          -0.3630066	          -0.5966797	          -0.3663635	          -0.6082764	          -0.2934723	           0.1770935
3256500000	          -0.2767487	           0.1907654	          -0.3655396	          -0.5955505	          -0.3693848	          -0.6079407	          -0.2917023	           0.1789703
3263000000	          -0.2743378	           0.1914063	           -0.368866	           -0.594574	          -0.3738708	          -0.6064758	          -0.2891541	           0.1795502
3269500000	          -0.2716675	           0.1923523	          -0.3722534	          -0.5935974	          -0.3780212	          -0.6046143	          -0.2859192	            0.180954
3276000000	          -0.2694092	           0.1922913	          -0.3764343	          -0.5920105	          -0.3820801	          -0.6017761	          -0.2823944	           0.1808472
3282500000	          -0.2667084	           0.1930084	           -0.380188	          -0.5904236	          -0.3851013	          -0.5996704	          -0.2788239	           0.1812744
3289000000	          -0.2637024	           0.1918945	          -0.3843689	          -0.5881348	          -0.3884277	          -0.5975342	          -0.2753601	           0.1802826
3295500000	          -0.2605286	           0.1915588	          -0.3880005	          -0.5858459	          -0.3919983	          -0.5961609	          -0.2718201	           0.1803436
3302000000	          -0.2576752	             0.18927	          -0.3916931	          -0.5831299	          -0.3961792	           -0.593811	           -0.269043	           0.1789703
3308500000	           -0.255127	           0.1880646	          -0.3946533	           -0.580719	          -0.3996277	          -0.5914612	           -0.266571	           0.1784363
3315000000	          -0.2535095	           0.1858521	          -0.3979797	          -0.5777893	          -0.4030151	          -0.5883484	          -0.2648468	           0.1762085
3321500000	          -0.2518311	            0.184967	          -0.4004822	          -0.5755615	          -0.4053345	          -0.5860291	          -0.2636108	           0.1750641
3328000000	          -0.2507477	           0.1830902	          -0.4039612	          -0.5726318	          -0.4081116	          -0.5838318	          -0.2629395	           0.1727905
3334500000	          -0.2496414	           0.1825714	          -0.4065247	          -0.5703735	          -0.4112549	          -0.5823975	          -0.2619629	           0.1722107
3341000000	          -0.2493134	           0.1809235	          -0.4093933	          -0.5677185	          -0.4155273	          -0.5800476	          -0.2611237	           0.1708221
3347500000	          -0.2488708	           0.1806946	          -0.4118652	          -0.5658569	          -0.4194946	          -0.5773315	          -0.2595825	           0.1710358
3354000000	           -0.248848	           0.1802979	          -0.4150085	          -0.5638123	            -0.42276	          -0.5733337	          -0.2584381	           0.1705627
3360500000	          -0.2479782	           0.1810913	          -0.4178772	          -0.5620422	           -0.424408	           -0.570343	          -0.2572174	           0.1714935
3367000000	          -0.2466736	           0.1810684	          -0.4214783	          -0.5597534	          -0.4257813	          -0.5682678	           -0.256134	           0.1722717
3373500000	          -0.2446899	           0.1821213	          -0.4243164	          -0.5575867	           -0.428009	          -0.5677185	          -0.2545013	           0.1742096
3380000000	          -0.2425842	           0.1821289	          -0.4275208	          -0.5549316	          -0.4314575	           -0.566925	          -0.2530975	           0.1753387
3386500000	          -0.2403717	           0.1828537	          -0.4298401	          -0.5527649	          -0.4352417	          -0.5657043	          -0.2509613	           0.1762848
3393000000	          -0.2386398	           0.1828613	          -0.4329529	          -0.5508423	          -0.4397278	           -0.562439	          -0.2490692	           0.1754913
3399500000	          -0.2367249	           0.1832657	          -0.4354553	          -0.5491638	          -0.4430847	          -0.5596619	          -0.2462692	           0.1750717
3406000000	          -0.2347565	           0.1826477	          -0.4386902	           -0.546814	           -0.446167	          -0.5565491	          -0.2432022	           0.1735458
3412500000	          -0.2323685	           0.1825867	          -0.4417725	          -0.5447693	          -0.4490967	          -0.5548096	          -0.2401657	           0.1731796
3419000000	          -0.2302475	           0.1811829	           -0.445282	          -0.5419922	          -0.4532471	           -0.552948	          -0.2369919	           0.1720963
3425500000	          -0.2285156	            0.180809	          -0.4480591	          -0.5401001	          -0.4571228	          -0.5505371	           -0.233902	           0.1715775
3432000000	          -0.2271118	           0.1792221	          -0.4509583	          -0.5374756	           -0.460907	          -0.5467834	           -0.232048	           0.1703339
3438500000	          -0.2253418	           0.1786575	          -0.4537354	          -0.5356445	          -0.4633484	          -0.5430603	          -0.2307587	           0.1694717
3445000000	          -0.2239151	           0.1772614	          -0.4573059	          -0.5327454	          -0.4651184	          -0.5395203	          -0.2303696	           0.1680984
3451500000	          -0.2223053	            0.176506	           -0.460083	          -0.5297852	          -0.4663696	          -0.5377808	          -0.2297821	           0.1679535
3458000000	          -0.2213058	           0.1749344	          -0.4629822	           -0.526062	          -0.4688416	          -0.5362244	          -0.2294388	           0.1672287
3464500000	           -0.220871	           0.1746216	          -0.4644775	          -0.5234985	          -0.4721985	          -0.5350037	          -0.2280045	           0.1673737
3471000000	          -0.2212677	           0.1737595	           -0.466217	          -0.5212708	          -0.4771118	          -0.5324402	          -0.2263107	           0.1662827
3477500000	          -0.2210236	            0.174736	          -0.4677429	          -0.5203247	          -0.4811401	          -0.5294495	          -0.2243576	           0.1657867
3484000000	          -0.2204285	           0.1752548	          -0.4710999	          -0.5193787	          -0.4840088	          -0.5250854	           -0.222908	            0.164299
3490500000	          -0.2189941	           0.1762543	          -0.4749756	          -0.5180664	          -0.4857483	          -0.5221863	          -0.2213364	             0.16436
3497000000	          -0.2175674	           0.1759644	          -0.4793396	          -0.5148315	          -0.4878235	          -0.5197144	          -0.2196732	           0.1639862
3503500000	          -0.2159271	              0.1763	          -0.4815369	          -0.5117798	          -0.4900208	          -0.5180969	          -0.2178345	           0.1648026
3510000000	          -0.2147064	           0.1759567	          -0.4833679	          -0.5089417	          -0.4934998	          -0.5159302	          -0.2157974	           0.1645966
3516500000	          -0.2131729	            0.177002	          -0.4848328	          -0.5077209	          -0.4966431	          -0.5135193	          -0.2137146	           0.1648178
3523000000	          -0.2115402	           0.1775131	          -0.4881897	          -0.5068665	          -0.4998169	          -0.5104065	          -0.2121201	           0.1637421
3529500000	          -0.2090912	           0.1786118	          -0.4923401	          -0.5059204	          -0.5021362	          -0.5076294	          -0.2102737	           0.1633759
3536000000	          -0.2067261	           0.1786041	           -0.497467	          -0.5027161	          -0.5049438	           -0.505127	          -0.2084198	           0.1620102
3542500000	          -0.2044449	           0.1790619	          -0.5007019	          -0.4991455	          -0.5077209	          -0.5031433	          -0.2062683	            0.161377
3549000000	          -0.2028732	           0.1781998	          -0.5027771	          -0.4953308	          -0.5113831	          -0.5002441	            -0.20401	           0.1599579
3555500000	          -0.2012787	             0.17836	          -0.5042114	          -0.4938049	          -0.5143738	          -0.4977417	          -0.2017746	           0.1593552
3562000000	          -0.1998749	            0.177948	          -0.5074158	          -0.4927368	          -0.5172729	          -0.4942932	           -0.199852	           0.1578751
3568500000	          -0.1978073	           0.1783066	          -0.5118103	          -0.4918518	          -0.5195007	          -0.4916687	          -0.1981201	           0.1574326
3575000000	          -0.1957245	           0.1776962	          -0.5174255	          -0.4881287	          -0.5223083	          -0.4887695	          -0.1969376	            0.156311
3581500000	          -0.1934814	           0.1775436	          -0.5210571	           -0.483429	          -0.5246277	          -0.4866638	          -0.1957855	            0.155899
3588000000	          -0.1917801	           0.1762772	          -0.5228882	          -0.4777832	          -0.5279541	           -0.483429	          -0.1952133	           0.1546783
3594500000	          -0.1905136	            0.176445	          -0.5238037	           -0.474762	          -0.5304871	          -0.4805603	          -0.1942062	           0.1541367
3601000000	          -0.1896896	           0.1763153	           -0.525177	          -0.4727478	          -0.5331116	          -0.4769897	          -0.1933441	           0.1526184
3607500000	          -0.1881332	           0.1773071	          -0.5280151	          -0.4716187	          -0.5354004	          -0.4742432	          -0.1921234	            0.152092
3614000000	          -0.1862717	           0.1776581	          -0.5326538	          -0.4689026	          -0.5380859	          -0.4711609	          -0.1907425	           0.1508713
3620500000	          -0.1839371	           0.1781235	          -0.5362549	          -0.4652405	          -0.5406494	          -0.4687805	          -0.1890564	           0.1508026
3627000000	          -0.1817169	           0.1770477	          -0.5388794	          -0.4599609	          -0.5435181	          -0.4656067	          -0.1872101	           0.1503143
3633500000	          -0.1797333	           0.1767578	          -0.5401306	           -0.456543	           -0.546051	          -0.4626465	          -0.1850357	           0.1504364
3640000000	           -0.177803	           0.1758881	          -0.5412292	          -0.4538269	          -0.5482483	           -0.459137	          -0.1833954	           0.1497269
3646500000	          -0.1754684	           0.1758423	          -0.5431519	          -0.4520569	          -0.5498657	          -0.4568787	          -0.1820679	           0.1498489
3653000000	          -0.1729965	           0.1752167	          -0.5464172	          -0.4493103	          -0.5523987	          -0.4544067	          -0.1809082	           0.1490097
3659500000	          -0.1701355	           0.1748581	            -0.54953	          -0.4461365	           -0.554718	          -0.4521179	          -0.1795959	           0.1490097
3666000000	          -0.1676331	           0.1733398	          -0.5518494	          -0.4416199	          -0.5578613	          -0.4489441	          -0.1783218	           0.1475067
3672500000	          -0.1656265	           0.1727829	          -0.5527649	          -0.4382324	          -0.5604553	          -0.4459229	          -0.1763229	            0.146431
3679000000	          -0.1639786	           0.1711578	           -0.553833	          -0.4351807	          -0.5635376	          -0.4421692	          -0.1739883	           0.1446838
3685500000	          -0.1624603	           0.1707153	          -0.5551147	          -0.4335327	          -0.5655212	          -0.4388428	           -0.172226	            0.143158
3692000000	          -0.1608658	           0.1693649	          -0.5582886	          -0.4319153	          -0.5678406	          -0.4354553	          -0.1708755	           0.1411972
3698500000	          -0.1590347	           0.1684113	          -0.5613708	          -0.4293823	          -0.5694885	          -0.4328918	          -0.1693344	           0.1411514
3705000000	          -0.1575546	           0.1660767	          -0.5648193	          -0.4250488	          -0.5721436	          -0.4299011	          -0.1681519	           0.1405182
3711500000	          -0.1560898	           0.1649628	          -0.5665894	          -0.4215393	          -0.5743713	          -0.4274597	          -0.1666183	           0.1404953
3718000000	          -0.1550903	           0.1625977	          -0.5679932	          -0.4173889	          -0.5772095	          -0.4241943	          -0.1654892	           0.1397324
3724500000	          -0.1540833	            0.162056	          -0.5689087	          -0.4146729	          -0.5791321	          -0.4211121	          -0.1643906	           0.1394958
3731000000	          -0.1531143	           0.1608429	          -0.5704956	          -0.4124146	          -0.5814514	          -0.4176941	          -0.1638336	           0.1381836
3737500000	          -0.1518631	           0.1603241	          -0.5723877	          -0.4102173	          -0.5833435	           -0.414917	          -0.1630554	           0.1376953
3744000000	          -0.1509323	            0.159729	          -0.5747375	          -0.4076538	          -0.5856323	          -0.4116516	          -0.1617584	           0.1364517
3750500000	          -0.1495972	           0.1594696	          -0.5766296	          -0.4053345	          -0.5880737	           -0.408844	          -0.1600723	           0.1358948
3757000000	          -0.1484985	            0.158432	          -0.5792542	          -0.4022827	          -0.5906067	          -0.4051208	          -0.1583252	           0.1344376
3763500000	           -0.147171	            0.158165	          -0.5815125	          -0.3997803	          -0.5927734	          -0.4018555	           -0.156601	           0.1338806
3770000000	          -0.1457291	           0.1570129	          -0.5845337	          -0.3968201	           -0.594696	          -0.3981934	          -0.1554794	           0.1328354
3776500000	          -0.1441193	           0.1561661	          -0.5867615	          -0.3935852	           -0.596344	          -0.3952942	          -0.1544571	           0.1329041
3783000000	          -0.1427765	           0.1546249	          -0.5891113	          -0.3894653	          -0.5985413	          -0.3919373	          -0.1535034	           0.1326218
3789500000	          -0.1412506	           0.1537018	          -0.5904236	          -0.3860474	          -0.6004944	          -0.3892212	          -0.1524048	           0.1328201
3796000000	          -0.1401215	           0.1519928	          -0.5917969	          -0.3826599	          -0.6029358	          -0.3859558	          -0.1510925	           0.1319733
3802500000	          -0.1386795	           0.1515121	          -0.5927124	          -0.3804626	          -0.6046448	          -0.3829956	          -0.1494751	           0.1309204
3809000000	          -0.1374588	            0.149971	           -0.594696	            -0.37854	          -0.6069946	          -0.3793335	          -0.1482239	           0.1284256
3815500000	          -0.1359711	           0.1492996	          -0.5969849	          -0.3765869	          -0.6087952	          -0.3761597	          -0.1472931	           0.1268234
3822000000	          -0.1347275	           0.1475983	          -0.6000366	          -0.3735657	          -0.6109009	          -0.3725281	          -0.1463394	           0.1248932
3828500000	          -0.1336288	           0.1464157	           -0.602478	          -0.3703613	          -0.6126404	          -0.3696289	          -0.1451797	           0.1239777
3835000000	          -0.1329269	           0.1446457	          -0.6046143	          -0.3666687	           -0.614624	          -0.3658447	          -0.1442413	            0.122879
3841500000	          -0.1320877	            0.143692	          -0.6061096	          -0.3640137	           -0.616394	           -0.362793	          -0.1430206	           0.1223145
3848000000	          -0.1314087	            0.142128	          -0.6082458	          -0.3607788	          -0.6182251	           -0.359314	          -0.1424484	           0.1216125
3854500000	          -0.1302338	           0.1417389	           -0.610199	          -0.3580627	           -0.619751	          -0.3562927	           -0.142067	           0.1212311
3861000000	          -0.1293335	           0.1402817	          -0.6129456	          -0.3544617	          -0.6218567	          -0.3525391	          -0.1419983	           0.1204147
3867500000	          -0.1283951	            0.139801	          -0.6147461	          -0.3512268	          -0.6234436	          -0.3496399	          -0.1415024	            0.120079
3874000000	          -0.1276703	           0.1387329	          -0.6167297	          -0.3474731	          -0.6253967	          -0.3459473	           -0.140976	           0.1186829
3880500000	          -0.1266861	            0.138382	          -0.6179199	           -0.344574	          -0.6269836	          -0.3427124	          -0.1400757	           0.1179123
3887000000	          -0.1257095	           0.1375504	          -0.6201477	          -0.3415527	          -0.6289978	          -0.3388672	          -0.1391602	           0.1162567
3893500000	           -0.124321	           0.1370239	          -0.6219482	          -0.3391724	          -0.6302185	          -0.3359985	          -0.1380615	           0.1155777
3900000000	          -0.1229095	           0.1356506	          -0.6251526	          -0.3357849	          -0.6323242	           -0.332428	          -0.1366959	           0.1143951
