! 
! FILENAME FOAM2_MUT_20mm_TG
# Hz S RI R 50
2600000000	          -0.5171509	           0.0778809	           0.0116272	           -0.617981	           0.0187378	          -0.6202698	          -0.5265198	           0.0876465
2606500000	          -0.5153198	           0.0808105	            0.007019	          -0.6192017	           0.0141602	          -0.6221313	          -0.5242615	           0.0897217
2613000000	          -0.5133667	           0.0838623	           0.0023804	          -0.6199951	           0.0095215	          -0.6235352	          -0.5219116	           0.0919189
2619500000	          -0.5114136	           0.0870972	           -0.002594	          -0.6209412	           0.0046997	          -0.6250305	          -0.5197449	           0.0942993
2626000000	          -0.5096436	           0.0905762	          -0.0075684	          -0.6219482	          -0.0003357	          -0.6265259	          -0.5177917	           0.0968323
2632500000	          -0.5075073	           0.0939636	          -0.0126038	          -0.6228027	          -0.0053711	          -0.6278076	          -0.5156555	           0.0995178
2639000000	           -0.505188	           0.0973816	          -0.0175171	          -0.6231995	           -0.010376	            -0.62854	          -0.5133667	           0.1021729
2645500000	          -0.5029907	           0.1008301	          -0.0225525	          -0.6237793	          -0.0154419	          -0.6297302	           -0.511322	           0.1048889
2652000000	          -0.5009155	            0.104248	          -0.0275574	          -0.6244812	          -0.0205078	          -0.6305847	          -0.5092773	           0.1075134
2658500000	          -0.4986267	           0.1076965	          -0.0325623	              -0.625	          -0.0255432	          -0.6314392	          -0.5072632	             0.11026
2665000000	          -0.4963074	           0.1110535	          -0.0373535	          -0.6253662	          -0.0304871	          -0.6322327	          -0.5052185	           0.1129456
2671500000	           -0.493927	           0.1143188	          -0.0422974	          -0.6257935	          -0.0354614	          -0.6329346	          -0.5032043	           0.1156006
2678000000	          -0.4916229	           0.1175842	          -0.0470276	          -0.6261902	          -0.0404053	          -0.6336365	          -0.5012817	           0.1182556
2684500000	          -0.4890747	           0.1207581	          -0.0518799	          -0.6265259	          -0.0452881	          -0.6342773	          -0.4992676	           0.1208801
2691000000	          -0.4866333	           0.1237946	           -0.056488	          -0.6267395	          -0.0500793	          -0.6347656	          -0.4973602	           0.1233978
2697500000	          -0.4840851	           0.1267395	          -0.0610962	          -0.6270142	          -0.0547791	          -0.6352844	          -0.4954376	            0.125885
2704000000	          -0.4816589	           0.1296234	          -0.0656433	          -0.6274109	          -0.0594482	          -0.6358643	          -0.4935913	           0.1283112
2710500000	           -0.479126	           0.1323853	          -0.0700989	          -0.6277466	          -0.0641174	          -0.6364441	          -0.4917603	           0.1307526
2717000000	           -0.476593	           0.1350555	          -0.0744629	          -0.6279907	           -0.068634	          -0.6369019	          -0.4899445	           0.1331177
2723500000	          -0.4740753	           0.1375885	          -0.0788269	          -0.6282654	          -0.0730591	          -0.6374207	          -0.4881592	           0.1354523
2730000000	          -0.4715424	           0.1400604	          -0.0830994	          -0.6286316	          -0.0775146	            -0.63797	          -0.4864349	           0.1377563
2736500000	          -0.4690094	           0.1424408	          -0.0873413	          -0.6289978	          -0.0818787	          -0.6384888	          -0.4847107	           0.1400146
2743000000	          -0.4664917	           0.1446533	          -0.0914001	          -0.6293335	          -0.0861206	          -0.6389465	          -0.4830322	           0.1422119
2749500000	          -0.4638824	            0.146759	          -0.0954895	          -0.6296082	           -0.090271	          -0.6394043	           -0.481308	           0.1443329
2756000000	          -0.4614105	           0.1488037	          -0.0995178	          -0.6300354	          -0.0944214	          -0.6398926	          -0.4796448	           0.1464844
2762500000	          -0.4589233	           0.1506958	          -0.1034851	          -0.6304321	          -0.0985413	          -0.6404419	          -0.4780273	           0.1486053
2769000000	          -0.4563904	           0.1524811	          -0.1073608	          -0.6307983	          -0.1025085	          -0.6409607	          -0.4763947	           0.1506958
2775500000	          -0.4539032	           0.1541901	          -0.1112671	          -0.6311951	          -0.1065369	          -0.6414795	          -0.4747772	           0.1527557
2782000000	          -0.4514313	           0.1558228	          -0.1151123	          -0.6316223	          -0.1104736	          -0.6419983	          -0.4731293	           0.1548004
2788500000	          -0.4489288	           0.1573334	          -0.1189575	           -0.632019	          -0.1143799	          -0.6424866	          -0.4714508	           0.1567993
2795000000	          -0.4465027	           0.1587677	          -0.1226501	          -0.6323853	          -0.1182251	          -0.6430054	          -0.4698486	           0.1587982
2801500000	           -0.444046	           0.1600494	          -0.1264038	          -0.6327515	          -0.1220398	          -0.6434937	          -0.4681244	           0.1607513
2808000000	          -0.4416656	           0.1613312	          -0.1300964	          -0.6332397	           -0.125824	           -0.644043	          -0.4664612	           0.1627197
2814500000	            -0.43927	           0.1625061	          -0.1338501	          -0.6336365	          -0.1296082	          -0.6445618	          -0.4647369	           0.1646729
2821000000	          -0.4369202	           0.1636047	          -0.1374817	          -0.6340332	          -0.1333618	            -0.64505	          -0.4630127	            0.166626
2827500000	          -0.4345703	           0.1646271	          -0.1412048	          -0.6343994	           -0.137146	          -0.6454773	          -0.4612122	           0.1685486
2834000000	           -0.432251	           0.1656036	          -0.1448975	          -0.6347656	          -0.1408691	          -0.6459961	          -0.4593964	           0.1704865
2840500000	          -0.4299316	           0.1665039	          -0.1485901	          -0.6351318	          -0.1446228	          -0.6463928	          -0.4575348	           0.1724091
2847000000	          -0.4276733	           0.1673737	          -0.1522827	          -0.6354065	          -0.1483765	          -0.6468506	           -0.455658	           0.1743164
2853500000	          -0.4253845	           0.1681671	          -0.1560059	          -0.6356812	          -0.1521301	          -0.6472168	          -0.4536591	           0.1761932
2860000000	           -0.423172	           0.1689453	          -0.1596985	          -0.6359558	          -0.1559143	           -0.647522	          -0.4516296	           0.1780548
2866500000	          -0.4209595	           0.1696777	          -0.1634216	          -0.6361694	          -0.1596985	          -0.6478577	          -0.4495544	           0.1799164
2873000000	          -0.4187164	           0.1703644	          -0.1671448	          -0.6362305	          -0.1633911	          -0.6481018	          -0.4473724	           0.1817627
2879500000	          -0.4165344	           0.1710205	          -0.1709595	          -0.6363831	          -0.1672363	          -0.6483765	          -0.4451599	            0.183609
2886000000	          -0.4143677	           0.1716614	          -0.1746826	          -0.6364746	          -0.1710815	          -0.6485291	          -0.4428711	            0.185379
2892500000	          -0.4121857	           0.1722717	          -0.1784668	          -0.6364441	          -0.1749268	          -0.6486206	           -0.440506	           0.1871338
2899000000	          -0.4100189	           0.1728821	           -0.182251	           -0.636322	           -0.178772	          -0.6486816	          -0.4380646	           0.1888885
2905500000	          -0.4078522	           0.1734161	          -0.1860046	          -0.6361389	          -0.1826782	          -0.6486206	          -0.4355316	           0.1905518
2912000000	          -0.4057465	           0.1739807	          -0.1898499	          -0.6360168	          -0.1864929	          -0.6486206	          -0.4329987	           0.1921997
2918500000	          -0.4035797	           0.1745148	           -0.193634	          -0.6357117	          -0.1904297	           -0.648468	          -0.4303284	           0.1937866
2925000000	          -0.4014587	           0.1750793	          -0.1974792	           -0.635376	          -0.1943665	          -0.6482849	          -0.4276428	           0.1953583
2931500000	          -0.3993683	           0.1755981	          -0.2013245	          -0.6349792	          -0.1983032	          -0.6479797	          -0.4248505	           0.1968689
2938000000	          -0.3972473	           0.1761322	          -0.2051392	          -0.6345215	          -0.2022705	          -0.6477051	          -0.4220581	           0.1983337
2944500000	          -0.3951416	           0.1766357	          -0.2090149	          -0.6339722	          -0.2062378	          -0.6472473	          -0.4191589	            0.199707
2951000000	          -0.3930206	           0.1771851	          -0.2128296	          -0.6333618	          -0.2102051	           -0.646759	           -0.416214	           0.2010345
2957500000	          -0.3909149	           0.1776886	          -0.2166748	          -0.6326294	          -0.2141724	          -0.6462097	           -0.413208	           0.2023163
2964000000	          -0.3888092	           0.1781921	          -0.2204895	          -0.6319275	          -0.2181396	          -0.6455994	          -0.4101868	           0.2035065
2970500000	           -0.386673	           0.1787109	          -0.2243042	           -0.631073	          -0.2221375	          -0.6448975	          -0.4070892	           0.2046356
2977000000	          -0.3845825	            0.179245	          -0.2281189	           -0.630249	          -0.2261047	           -0.644165	          -0.4040222	           0.2057037
2983500000	          -0.3824158	           0.1797333	          -0.2319031	          -0.6292419	           -0.230072	          -0.6432495	          -0.4008636	           0.2066803
2990000000	          -0.3803101	           0.1802673	          -0.2356567	          -0.6282959	          -0.2340698	           -0.642395	          -0.3977356	           0.2075958
2996500000	          -0.3781433	           0.1807709	          -0.2394409	          -0.6271973	          -0.2380371	          -0.6413574	          -0.3945313	           0.2084351
3003000000	          -0.3760376	           0.1812744	          -0.2431641	          -0.6260986	          -0.2419434	          -0.6403809	          -0.3913574	            0.209198
3009500000	          -0.3739014	           0.1817627	          -0.2468262	          -0.6249084	          -0.2458801	          -0.6392517	          -0.3881531	           0.2098694
3016000000	          -0.3717499	            0.182251	          -0.2505188	          -0.6237793	          -0.2497864	          -0.6381836	           -0.384964	           0.2104645
3022500000	          -0.3696136	            0.182785	          -0.2542114	          -0.6225891	          -0.2536926	          -0.6370239	          -0.3818054	           0.2110291
3029000000	          -0.3674164	           0.1832581	           -0.257843	          -0.6212769	          -0.2575378	          -0.6357422	          -0.3786011	           0.2115021
3035500000	          -0.3652802	           0.1837311	          -0.2614441	          -0.6199341	          -0.2613831	          -0.6344299	          -0.3754272	           0.2118988
3042000000	          -0.3630829	           0.1842346	          -0.2650452	          -0.6185913	          -0.2652283	          -0.6330872	          -0.3722992	           0.2122345
3048500000	          -0.3609161	           0.1847076	          -0.2686157	          -0.6171875	          -0.2690125	          -0.6316833	          -0.3691711	           0.2125092
3055000000	          -0.3587189	           0.1851654	          -0.2721558	          -0.6157837	          -0.2727966	          -0.6302795	          -0.3660736	           0.2127228
3061500000	          -0.3565063	           0.1856079	          -0.2756653	          -0.6143494	          -0.2765808	          -0.6288147	          -0.3630066	           0.2128754
3068000000	          -0.3543243	           0.1860657	          -0.2791443	           -0.612915	          -0.2802734	          -0.6273499	          -0.3599548	           0.2129669
3074500000	          -0.3521423	           0.1865082	          -0.2825928	          -0.6114502	          -0.2840271	           -0.625824	          -0.3569641	            0.213028
3081000000	           -0.349884	           0.1869507	          -0.2860413	          -0.6099548	          -0.2876587	          -0.6242981	          -0.3539886	           0.2130432
3087500000	          -0.3477173	           0.1873474	          -0.2894897	            -0.60849	          -0.2913208	          -0.6227417	          -0.3510895	           0.2129974
3094000000	          -0.3454742	           0.1877289	          -0.2928772	          -0.6070251	          -0.2949829	          -0.6211243	          -0.3481903	           0.2129211
3100500000	          -0.3432617	           0.1881104	          -0.2962952	          -0.6054688	           -0.298584	          -0.6195068	          -0.3453522	           0.2127991
3107000000	          -0.3410034	           0.1884613	          -0.2996521	          -0.6039429	           -0.302124	          -0.6178589	          -0.3425446	           0.2126465
3113500000	          -0.3387604	           0.1887817	           -0.303009	           -0.602356	          -0.3056641	          -0.6161804	          -0.3397675	           0.2124481
3120000000	          -0.3365173	           0.1891174	          -0.3063354	          -0.6008301	          -0.3092041	          -0.6145325	          -0.3370514	           0.2122498
3126500000	           -0.334259	           0.1893921	          -0.3096313	          -0.5992432	          -0.3127136	           -0.612793	          -0.3343506	           0.2120209
3133000000	          -0.3320313	           0.1896667	          -0.3129578	          -0.5977173	          -0.3161926	          -0.6111145	          -0.3317413	           0.2117615
3139500000	          -0.3298035	           0.1899261	          -0.3163147	          -0.5961304	          -0.3197021	          -0.6094055	          -0.3291473	           0.2115021
3146000000	          -0.3275452	           0.1901398	          -0.3195801	          -0.5945435	          -0.3231201	          -0.6076965	          -0.3265839	           0.2112122
3152500000	          -0.3252869	           0.1903381	          -0.3228455	           -0.592926	          -0.3265686	           -0.605957	          -0.3240509	            0.210907
3159000000	          -0.3230133	           0.1905365	          -0.3261414	          -0.5913086	          -0.3299561	           -0.604187	          -0.3215637	           0.2106018
3165500000	          -0.3207703	           0.1906586	          -0.3294067	          -0.5896606	           -0.333374	          -0.6023865	          -0.3191071	           0.2102814
3172000000	          -0.3185425	           0.1907959	          -0.3327332	          -0.5880737	           -0.336731	           -0.600647	          -0.3166962	           0.2099609
3178500000	          -0.3163147	           0.1908722	          -0.3359375	          -0.5863953	          -0.3401184	          -0.5988464	          -0.3143311	           0.2096405
3185000000	          -0.3140717	           0.1909332	          -0.3392334	          -0.5847168	          -0.3434448	          -0.5970154	          -0.3119659	           0.2093048
3191500000	          -0.3118744	            0.190979	          -0.3424988	          -0.5830383	          -0.3468323	          -0.5952148	          -0.3096466	           0.2089691
3198000000	          -0.3096466	           0.1909637	          -0.3457336	          -0.5813293	          -0.3501587	          -0.5933533	          -0.3073425	           0.2086487
3204500000	          -0.3074341	           0.1909485	           -0.348999	          -0.5796204	          -0.3534851	          -0.5915222	           -0.305069	           0.2082977
3211000000	          -0.3052216	           0.1909027	          -0.3522339	          -0.5778503	           -0.356781	          -0.5896606	          -0.3027954	           0.2079773
3217500000	          -0.3030396	           0.1907959	          -0.3554382	          -0.5760498	          -0.3600769	          -0.5877686	          -0.3005676	           0.2076263
3224000000	          -0.3008881	           0.1906891	          -0.3587036	          -0.5743103	          -0.3634033	           -0.585907	          -0.2983704	           0.2072906
3230500000	          -0.2987366	           0.1905365	          -0.3619385	          -0.5724792	          -0.3666992	          -0.5839844	          -0.2961731	           0.2069702
3237000000	          -0.2966003	           0.1903839	          -0.3651733	          -0.5706177	          -0.3699341	          -0.5820618	          -0.2940063	           0.2066345
3243500000	          -0.2945099	           0.1901855	          -0.3684082	          -0.5687866	          -0.3732605	          -0.5801086	          -0.2918549	           0.2062988
3250000000	          -0.2924194	           0.1899414	          -0.3716431	           -0.566925	          -0.3765564	          -0.5781555	          -0.2897339	           0.2059784
3256500000	           -0.290329	           0.1896973	          -0.3748169	          -0.5649414	          -0.3797913	          -0.5761414	          -0.2875824	           0.2056274
3263000000	           -0.288269	           0.1894073	          -0.3780212	          -0.5629883	          -0.3829956	          -0.5740967	          -0.2854614	           0.2052917
3269500000	          -0.2862396	           0.1891022	          -0.3811646	          -0.5610352	           -0.386261	          -0.5720825	           -0.283371	           0.2049561
3276000000	           -0.284256	           0.1887817	          -0.3843689	           -0.559021	          -0.3894653	          -0.5700378	          -0.2812805	           0.2046051
3282500000	          -0.2823029	           0.1884308	          -0.3874817	          -0.5570068	          -0.3926697	          -0.5679626	          -0.2792053	           0.2042542
3289000000	          -0.2803192	           0.1880646	          -0.3906555	          -0.5549316	           -0.395874	          -0.5658569	          -0.2771454	           0.2039185
3295500000	          -0.2784424	           0.1876678	          -0.3937683	          -0.5528564	          -0.3990784	          -0.5637512	          -0.2751007	           0.2035522
3302000000	          -0.2765656	           0.1872711	          -0.3968811	          -0.5507507	          -0.4022827	          -0.5616455	          -0.2730713	           0.2032013
3308500000	          -0.2747192	           0.1868591	          -0.3999939	          -0.5486145	          -0.4054565	          -0.5594788	          -0.2710571	           0.2028046
3315000000	          -0.2729034	           0.1864319	          -0.4030457	          -0.5464783	          -0.4086304	           -0.557312	           -0.269043	           0.2024384
3321500000	          -0.2711487	           0.1860046	          -0.4061584	           -0.544342	          -0.4118347	          -0.5551147	          -0.2670593	           0.2020569
3328000000	          -0.2693939	           0.1855621	          -0.4091797	          -0.5421448	           -0.414978	           -0.552887	          -0.2650757	           0.2016602
3334500000	          -0.2676697	           0.1851044	          -0.4122009	           -0.539917	          -0.4180908	          -0.5506592	          -0.2631073	           0.2012634
3341000000	          -0.2659912	           0.1846619	          -0.4152222	          -0.5376892	          -0.4212646	          -0.5484009	          -0.2611694	           0.2008667
3347500000	          -0.2643738	           0.1842346	          -0.4182434	          -0.5354919	           -0.424408	          -0.5461121	          -0.2592316	           0.2004547
3354000000	          -0.2627563	           0.1837616	          -0.4211731	          -0.5332031	          -0.4274902	          -0.5437927	           -0.257309	           0.2000275
3360500000	          -0.2611847	           0.1833191	          -0.4241638	          -0.5309448	           -0.430603	          -0.5414734	          -0.2554169	           0.1996002
3367000000	          -0.2596283	           0.1829071	           -0.427124	           -0.528656	          -0.4336853	           -0.539093	          -0.2535095	            0.199173
3373500000	          -0.2581177	           0.1824799	          -0.4300842	          -0.5263367	          -0.4367981	          -0.5367737	          -0.2516327	           0.1987152
3380000000	          -0.2566223	           0.1820831	          -0.4330139	          -0.5240479	          -0.4398804	          -0.5343933	           -0.249794	           0.1982651
3386500000	          -0.2551727	           0.1816864	          -0.4359131	          -0.5217285	          -0.4429321	          -0.5319824	          -0.2479324	           0.1978149
3393000000	          -0.2537079	           0.1813049	          -0.4388123	          -0.5194092	          -0.4459839	          -0.5295715	          -0.2460938	           0.1973495
3399500000	          -0.2523193	           0.1809387	          -0.4417114	          -0.5170898	          -0.4490662	          -0.5271301	          -0.2442932	           0.1968613
3406000000	          -0.2509308	           0.1806183	          -0.4446106	          -0.5147705	          -0.4521179	          -0.5247192	          -0.2425079	           0.1963959
3412500000	          -0.2495346	            0.180275	          -0.4474182	          -0.5123596	          -0.4550781	          -0.5221558	          -0.2406921	           0.1958847
3419000000	          -0.2481689	           0.1799774	          -0.4502869	          -0.5100098	          -0.4580994	          -0.5196838	          -0.2389221	           0.1953964
3425500000	          -0.2468185	           0.1796799	           -0.453064	          -0.5075989	          -0.4610596	          -0.5170898	          -0.2371521	           0.1948624
3432000000	          -0.2454758	           0.1794357	          -0.4559326	           -0.505249	          -0.4640503	          -0.5146179	           -0.235405	           0.1943512
3438500000	          -0.2441483	           0.1792068	          -0.4587402	          -0.5028687	          -0.4670105	           -0.512085	          -0.2336731	           0.1938248
3445000000	          -0.2427979	           0.1789856	          -0.4615479	          -0.5004578	          -0.4699097	          -0.5094604	          -0.2319336	           0.1932831
3451500000	          -0.2415009	           0.1788101	          -0.4643707	          -0.4980774	          -0.4728699	          -0.5069275	          -0.2302475	           0.1927414
3458000000	          -0.2401657	           0.1786499	          -0.4671631	          -0.4956665	          -0.4757996	           -0.504303	          -0.2285461	           0.1921844
3464500000	          -0.2388458	           0.1784973	          -0.4699249	          -0.4932861	          -0.4786682	           -0.501709	          -0.2268753	           0.1916199
3471000000	          -0.2374802	           0.1783752	          -0.4726715	          -0.4908295	          -0.4815216	          -0.4990082	          -0.2251587	             0.19104
3477500000	           -0.236145	           0.1782532	          -0.4754181	          -0.4883728	           -0.484375	          -0.4963531	          -0.2234879	           0.1904221
3484000000	          -0.2347794	           0.1781693	          -0.4781647	          -0.4859161	          -0.4871674	          -0.4937134	          -0.2218475	            0.189827
3490500000	          -0.2334213	           0.1781082	          -0.4809113	          -0.4835052	          -0.4900055	          -0.4910583	          -0.2201996	           0.1892166
3497000000	          -0.2320023	           0.1780472	          -0.4836578	          -0.4810181	          -0.4927521	          -0.4883728	           -0.218544	           0.1885986
3503500000	          -0.2306061	           0.1779785	          -0.4863281	          -0.4785461	          -0.4955139	          -0.4856262	          -0.2169189	           0.1879272
3510000000	          -0.2291718	            0.177948	          -0.4890594	          -0.4761047	          -0.4982147	          -0.4829712	          -0.2153091	           0.1873016
3516500000	          -0.2277298	           0.1779251	          -0.4916992	           -0.473587	          -0.5009155	          -0.4802551	          -0.2136993	           0.1866302
3523000000	          -0.2262421	           0.1778793	          -0.4943695	          -0.4711151	          -0.5035706	          -0.4775391	          -0.2120819	            0.185936
3529500000	          -0.2247391	           0.1778412	          -0.4969788	          -0.4685516	          -0.5061951	           -0.474762	          -0.2104874	           0.1852112
3536000000	          -0.2231827	           0.1777954	          -0.4996033	          -0.4660034	          -0.5087585	          -0.4720154	          -0.2088852	           0.1845016
3542500000	          -0.2216339	           0.1777573	          -0.5021973	           -0.463501	          -0.5113831	          -0.4692993	          -0.2073135	           0.1837845
3549000000	          -0.2200165	           0.1777115	          -0.5047913	           -0.460907	           -0.513855	          -0.4665222	           -0.205719	           0.1830215
3555500000	          -0.2184067	           0.1776428	          -0.5072937	           -0.458313	          -0.5163879	          -0.4637451	           -0.204155	           0.1822357
3562000000	          -0.2167358	           0.1775436	          -0.5098267	          -0.4557495	          -0.5188293	          -0.4609985	          -0.2025909	           0.1814575
3568500000	          -0.2150574	           0.1774521	          -0.5122681	          -0.4530945	          -0.5212402	          -0.4582214	          -0.2010422	           0.1806412
3575000000	          -0.2133331	           0.1773376	           -0.514801	            -0.45047	          -0.5236816	          -0.4554138	          -0.1994705	           0.1798172
3581500000	          -0.2116089	           0.1771851	          -0.5172424	           -0.447876	           -0.526062	          -0.4526978	          -0.1979675	           0.1790009
3588000000	           -0.209816	           0.1770248	          -0.5196533	          -0.4451599	          -0.5283508	          -0.4498596	          -0.1964188	           0.1781387
3594500000	          -0.2080536	            0.176796	          -0.5220337	          -0.4424744	          -0.5307007	          -0.4470825	          -0.1949081	           0.1772766
3601000000	          -0.2061996	           0.1765594	          -0.5244446	          -0.4397583	          -0.5329895	          -0.4442444	          -0.1933899	           0.1764145
3607500000	          -0.2044067	           0.1762924	          -0.5267944	          -0.4370422	          -0.5352783	          -0.4414673	          -0.1918945	           0.1755219
3614000000	          -0.2025299	           0.1760101	          -0.5291138	          -0.4343567	          -0.5375366	          -0.4386292	          -0.1904144	           0.1746368
3620500000	          -0.2006683	           0.1756592	          -0.5314331	          -0.4315796	          -0.5397949	          -0.4358215	           -0.188942	           0.1737442
3627000000	          -0.1987686	            0.175293	          -0.5337219	           -0.428772	          -0.5420227	          -0.4329529	           -0.187439	           0.1728439
3633500000	          -0.1968765	           0.1748886	          -0.5360107	          -0.4259644	           -0.544281	          -0.4300842	          -0.1860123	           0.1719208
3640000000	          -0.1949692	            0.174469	           -0.538269	          -0.4231567	          -0.5464478	          -0.4272156	          -0.1845551	           0.1710358
3646500000	          -0.1930618	           0.1739807	          -0.5404968	          -0.4202576	          -0.5486755	          -0.4243469	          -0.1831207	           0.1701279
3653000000	          -0.1911087	           0.1734695	          -0.5426941	          -0.4172974	          -0.5508423	          -0.4214172	          -0.1816788	           0.1692123
3659500000	           -0.189209	           0.1729202	          -0.5449219	          -0.4143677	          -0.5530701	           -0.418457	          -0.1802521	           0.1683121
3666000000	          -0.1873016	           0.1723633	          -0.5471497	           -0.411438	          -0.5553284	          -0.4154968	          -0.1788559	           0.1674423
3672500000	          -0.1854095	           0.1717453	          -0.5493774	          -0.4084167	          -0.5575256	          -0.4124451	          -0.1774673	           0.1665726
3679000000	          -0.1834717	           0.1711121	          -0.5515442	          -0.4053345	          -0.5597534	          -0.4093933	          -0.1760406	           0.1656952
3685500000	          -0.1816025	           0.1704712	           -0.553772	          -0.4022522	          -0.5620422	          -0.4062805	          -0.1746902	           0.1648483
3692000000	          -0.1796951	           0.1697693	          -0.5559082	          -0.3990784	          -0.5641785	          -0.4031067	          -0.1732712	           0.1640091
3698500000	          -0.1778564	           0.1690674	          -0.5581665	           -0.395874	          -0.5665283	          -0.3999023	          -0.1719284	           0.1631927
3705000000	           -0.175972	            0.168335	          -0.5603943	          -0.3925781	          -0.5688477	          -0.3966675	          -0.1705246	           0.1624069
3711500000	          -0.1741867	           0.1675873	          -0.5626221	          -0.3892517	          -0.5711975	          -0.3933105	          -0.1691589	           0.1616135
3718000000	          -0.1723557	           0.1668549	          -0.5649719	          -0.3859253	          -0.5735474	          -0.3899231	          -0.1678238	           0.1608887
3724500000	          -0.1706161	           0.1660614	          -0.5672607	          -0.3825073	          -0.5759583	          -0.3864746	          -0.1665344	           0.1601868
3731000000	          -0.1687927	           0.1653061	          -0.5694885	          -0.3789673	          -0.5783691	          -0.3829346	          -0.1651077	           0.1594849
3737500000	           -0.167099	           0.1645203	          -0.5717773	          -0.3753357	          -0.5808105	          -0.3792114	          -0.1637878	           0.1588058
3744000000	          -0.1653595	           0.1637497	          -0.5740967	          -0.3716736	          -0.5831909	          -0.3754883	          -0.1624222	           0.1581573
3750500000	          -0.1636887	           0.1629868	          -0.5764465	          -0.3680115	          -0.5857239	          -0.3717346	          -0.1610794	           0.1575775
3757000000	          -0.1620178	           0.1622009	          -0.5787659	          -0.3641663	          -0.5882263	          -0.3677979	          -0.1596985	           0.1569824
3763500000	          -0.1604614	           0.1614609	          -0.5812073	          -0.3603516	          -0.5908813	          -0.3638306	          -0.1583862	           0.1564484
3770000000	           -0.158844	           0.1606903	          -0.5835876	          -0.3563538	          -0.5934143	          -0.3597412	          -0.1569824	           0.1559448
3776500000	            -0.15728	           0.1599274	          -0.5860596	           -0.352356	          -0.5959778	          -0.3556213	          -0.1556702	           0.1554794
3783000000	          -0.1557007	           0.1592102	          -0.5884094	           -0.348175	          -0.5985718	          -0.3511963	          -0.1542282	           0.1549759
3789500000	           -0.154213	            0.158493	          -0.5908203	          -0.3439636	          -0.6012268	          -0.3468323	          -0.1528854	           0.1545563
3796000000	          -0.1527252	           0.1577911	          -0.5932617	          -0.3396912	          -0.6037598	          -0.3424377	          -0.1514969	           0.1541595
3802500000	          -0.1512985	            0.157135	          -0.5958557	          -0.3353882	          -0.6064453	          -0.3378906	          -0.1500931	           0.1537628
3809000000	          -0.1497955	           0.1564178	          -0.5982971	          -0.3309326	          -0.6091003	          -0.3331909	          -0.1486969	           0.1534119
3815500000	           -0.148468	           0.1557388	          -0.6007385	          -0.3263855	          -0.6116028	          -0.3283081	          -0.1472702	           0.1530228
3822000000	          -0.1470795	           0.1551132	          -0.6032715	          -0.3218994	          -0.6143494	          -0.3235474	           -0.145874	           0.1526642
3828500000	          -0.1456985	           0.1543808	          -0.6055908	          -0.3172302	          -0.6166687	           -0.318634	          -0.1444626	           0.1523285
3835000000	          -0.1443024	           0.1537781	          -0.6080322	          -0.3124084	          -0.6193237	          -0.3135376	          -0.1429672	           0.1520233
3841500000	          -0.1430283	           0.1530685	          -0.6103516	          -0.3076477	          -0.6217651	          -0.3083496	          -0.1415176	           0.1515884
3848000000	          -0.1416931	           0.1524124	          -0.6124878	          -0.3028259	          -0.6239929	          -0.3031616	          -0.1400528	            0.151268
3854500000	          -0.1404724	           0.1517258	          -0.6148071	          -0.2980347	          -0.6263428	          -0.2980347	          -0.1386108	            0.150856
3861000000	           -0.139267	           0.1510925	          -0.6169739	          -0.2931519	           -0.628479	          -0.2926941	          -0.1370621	           0.1504745
3867500000	          -0.1380463	           0.1503601	           -0.618988	          -0.2882385	          -0.6304932	          -0.2873535	          -0.1356201	           0.1500092
3874000000	           -0.136795	           0.1496201	          -0.6209412	          -0.2834778	          -0.6324768	          -0.2822571	          -0.1340485	           0.1494675
3880500000	           -0.135704	           0.1487961	          -0.6228638	          -0.2786255	          -0.6343689	          -0.2770691	          -0.1327438	           0.1488342
3887000000	          -0.1345367	           0.1479034	          -0.6246643	          -0.2738953	          -0.6361084	           -0.271637	          -0.1310654	           0.1481781
3893500000	          -0.1335297	            0.146965	          -0.6261292	          -0.2692871	          -0.6374207	           -0.266571	          -0.1295929	           0.1473694
3900000000	            -0.13237	           0.1458817	          -0.6271667	          -0.2649231	          -0.6384583	          -0.2618408	          -0.1281662	           0.1463852
