! 
! FILENAME FOAM2_MUT_20mm_NTG
# Hz S RI R 50
2600000000	          -0.5254517	           0.1088867	          -0.0121765	          -0.6176758	          -0.0099182	          -0.6204224	          -0.5385742	           0.1103516
2606500000	          -0.5229492	           0.1132813	          -0.0157471	          -0.6193542	          -0.0142517	          -0.6224976	          -0.5355225	            0.114624
2613000000	          -0.5204163	           0.1149597	          -0.0201111	          -0.6219788	          -0.0188904	          -0.6238708	          -0.5325623	           0.1165161
2619500000	          -0.5172424	           0.1190796	          -0.0243835	          -0.6224976	           -0.022644	          -0.6240845	          -0.5285034	           0.1211548
2626000000	           -0.513855	           0.1203308	          -0.0285339	          -0.6237183	          -0.0248718	          -0.6242676	          -0.5247192	           0.1227417
2632500000	           -0.509552	           0.1231384	           -0.032135	          -0.6242981	          -0.0265808	          -0.6257935	          -0.5208435	           0.1263123
2639000000	          -0.5056763	           0.1231079	          -0.0359497	          -0.6262817	          -0.0293884	          -0.6291809	          -0.5177307	           0.1268005
2645500000	          -0.5014038	           0.1246948	          -0.0402832	          -0.6276245	          -0.0343628	          -0.6321106	          -0.5142822	           0.1290283
2652000000	          -0.4984894	           0.1233826	          -0.0459595	           -0.629364	          -0.0404968	          -0.6339111	          -0.5119324	           0.1274414
2658500000	          -0.4961853	           0.1248932	          -0.0515137	           -0.629303	          -0.0462646	          -0.6335449	           -0.509552	           0.1286316
2665000000	          -0.4946442	           0.1240387	          -0.0569763	          -0.6282654	          -0.0510254	          -0.6317139	          -0.5076599	           0.1266785
2671500000	           -0.493103	           0.1262512	          -0.0603333	          -0.6266785	          -0.0536804	          -0.6308594	          -0.5055237	           0.1278381
2678000000	          -0.4928284	           0.1261139	          -0.0626831	          -0.6263123	           -0.055481	          -0.6314392	          -0.5049133	           0.1272278
2684500000	          -0.4915009	           0.1287384	           -0.065094	          -0.6268616	          -0.0584106	          -0.6330566	          -0.5035095	            0.130249
2691000000	           -0.490509	           0.1298218	          -0.0689087	           -0.628418	          -0.0626831	          -0.6347656	          -0.5028992	           0.1321106
2697500000	          -0.4887085	           0.1331177	          -0.0729675	          -0.6286011	          -0.0667725	          -0.6351318	          -0.5012512	           0.1368103
2704000000	          -0.4867401	           0.1351929	          -0.0774841	          -0.6282959	          -0.0701294	          -0.6347656	          -0.4993591	           0.1394348
2710500000	          -0.4835052	           0.1392975	          -0.0802002	          -0.6275024	          -0.0725098	          -0.6344299	          -0.4966125	           0.1432343
2717000000	          -0.4799194	           0.1405792	          -0.0827332	          -0.6275024	          -0.0739746	          -0.6358337	          -0.4941101	           0.1443939
2723500000	          -0.4760895	            0.144043	          -0.0846252	          -0.6287537	          -0.0763855	          -0.6382141	          -0.4908295	           0.1471558
2730000000	          -0.4723206	           0.1448975	          -0.0883179	          -0.6304932	          -0.0805969	          -0.6409912	          -0.4875488	           0.1473541
2736500000	          -0.4684753	           0.1468811	          -0.0923157	          -0.6320801	          -0.0857239	          -0.6425781	          -0.4835968	           0.1490173
2743000000	          -0.4654083	           0.1464844	          -0.0974121	          -0.6324158	          -0.0913391	          -0.6426697	          -0.4800873	           0.1481171
2749500000	          -0.4625702	            0.147934	          -0.1010437	           -0.631958	          -0.0950012	          -0.6420898	          -0.4768829	           0.1489716
2756000000	          -0.4602509	           0.1464386	          -0.1045837	           -0.631073	          -0.0976868	          -0.6419373	          -0.4751129	           0.1474762
2762500000	          -0.4581299	           0.1475067	           -0.106781	          -0.6316223	          -0.1004333	          -0.6428528	          -0.4740753	           0.1489258
2769000000	          -0.4565277	           0.1466064	            -0.11026	          -0.6324768	          -0.1040955	          -0.6443481	            -0.47435	            0.148468
2775500000	          -0.4550171	            0.148468	          -0.1143799	          -0.6334229	          -0.1086426	          -0.6455688	          -0.4742126	           0.1505737
2782000000	          -0.4542084	           0.1488342	           -0.118927	          -0.6323547	          -0.1132202	          -0.6453552	          -0.4747162	             0.15065
2788500000	          -0.4530792	           0.1520233	          -0.1217041	          -0.6311646	          -0.1169434	          -0.6448669	          -0.4741974	           0.1533203
2795000000	          -0.4519196	            0.153656	          -0.1235352	           -0.630127	          -0.1197205	          -0.6443176	          -0.4736328	           0.1542206
2801500000	          -0.4499969	           0.1576233	          -0.1249695	          -0.6313477	          -0.1226196	          -0.6447754	          -0.4719086	           0.1577454
2808000000	          -0.4475555	           0.1598511	          -0.1273193	          -0.6330566	          -0.1262817	          -0.6453247	          -0.4698181	           0.1597748
2814500000	          -0.4444733	            0.163269	          -0.1308899	          -0.6346741	          -0.1299133	          -0.6452637	          -0.4664917	            0.164093
2821000000	          -0.4410248	           0.1643372	          -0.1354675	          -0.6350403	          -0.1331787	          -0.6446228	          -0.4633636	           0.1662903
2827500000	          -0.4371643	           0.1669006	          -0.1391296	          -0.6351318	          -0.1350098	          -0.6439819	          -0.4597015	            0.169754
2834000000	          -0.4334869	           0.1669464	          -0.1421509	          -0.6347351	          -0.1364136	          -0.6448975	           -0.456604	           0.1705322
2840500000	          -0.4292908	           0.1688843	          -0.1445923	           -0.635376	          -0.1386108	           -0.647583	          -0.4536438	           0.1726532
2847000000	          -0.4248047	           0.1682892	          -0.1473694	           -0.636261	          -0.1424866	          -0.6506653	          -0.4515839	           0.1720734
2853500000	          -0.4208984	            0.168869	          -0.1506653	          -0.6381836	          -0.1477051	          -0.6526794	          -0.4496002	           0.1727295
2860000000	          -0.4182129	           0.1665802	          -0.1550598	           -0.639679	          -0.1537781	          -0.6529541	           -0.448288	           0.1708832
2866500000	          -0.4164581	           0.1663055	          -0.1600342	          -0.6407776	           -0.158783	          -0.6522217	          -0.4471283	           0.1713257
2873000000	          -0.4168396	           0.1650391	          -0.1649475	          -0.6410522	          -0.1625061	          -0.6515198	          -0.4473572	            0.170517
2879500000	          -0.4163818	           0.1658936	          -0.1696167	          -0.6408386	          -0.1661987	          -0.6526184	          -0.4469757	           0.1725464
2886000000	          -0.4170074	           0.1657562	          -0.1740417	          -0.6400757	          -0.1720581	          -0.6540222	          -0.4476166	           0.1746674
2892500000	           -0.416687	           0.1679382	          -0.1786194	          -0.6398926	           -0.178833	          -0.6533508	           -0.447113	           0.1793365
2899000000	          -0.4165649	             0.16922	          -0.1831665	          -0.6390381	          -0.1851807	          -0.6495361	          -0.4466095	           0.1834717
2905500000	          -0.4151154	           0.1726532	          -0.1873169	          -0.6380005	          -0.1877136	          -0.6454773	          -0.4448242	            0.188797
2912000000	          -0.4130249	           0.1750793	          -0.1905212	          -0.6372986	          -0.1870422	          -0.6435547	          -0.4426575	           0.1917267
2918500000	           -0.409668	           0.1790161	          -0.1938171	           -0.637146	          -0.1872559	          -0.6455688	          -0.4392548	           0.1960297
2925000000	          -0.4046173	           0.1811218	          -0.1976318	          -0.6368103	          -0.1904907	          -0.6488342	          -0.4345245	           0.2002869
2931500000	          -0.3999329	           0.1837616	          -0.2020264	          -0.6363831	           -0.196167	          -0.6506042	          -0.4284821	           0.2038727
2938000000	          -0.3961639	           0.1831207	          -0.2063904	          -0.6354065	          -0.2032471	          -0.6499023	          -0.4225922	           0.2045593
2944500000	          -0.3926086	           0.1835938	          -0.2100525	          -0.6341248	           -0.208374	           -0.647583	          -0.4168549	           0.2059326
2951000000	          -0.3890839	           0.1817169	           -0.213562	          -0.6329346	          -0.2114563	          -0.6446228	          -0.4120483	           0.2050323
2957500000	          -0.3856354	           0.1812134	          -0.2167358	          -0.6323242	          -0.2127991	          -0.6441956	          -0.4083099	           0.2055511
2964000000	          -0.3828888	           0.1786346	          -0.2203674	          -0.6321106	          -0.2156372	          -0.6452942	           -0.405838	           0.2047577
2970500000	          -0.3805389	           0.1775665	          -0.2242432	          -0.6320496	          -0.2200317	          -0.6471252	          -0.4037628	           0.2059021
2977000000	          -0.3796387	           0.1747284	          -0.2288818	          -0.6318665	          -0.2263489	          -0.6476135	          -0.4024353	           0.2055206
2983500000	          -0.3793488	            0.174942	          -0.2337341	          -0.6309509	          -0.2322083	          -0.6460876	          -0.4009399	           0.2069092
2990000000	          -0.3800659	           0.1744385	          -0.2383118	          -0.6292725	           -0.236908	           -0.643158	          -0.3996429	            0.206604
2996500000	          -0.3798065	           0.1765289	          -0.2419739	          -0.6275024	           -0.239563	          -0.6413879	          -0.3973846	           0.2082367
3003000000	          -0.3796997	           0.1776123	          -0.2453308	          -0.6260376	          -0.2427368	           -0.640686	          -0.3950195	           0.2085724
3009500000	          -0.3786316	           0.1802979	          -0.2487488	          -0.6251831	          -0.2468567	          -0.6407166	           -0.391571	           0.2111816
3016000000	          -0.3774872	           0.1816254	          -0.2528992	          -0.6235962	          -0.2520752	          -0.6392822	          -0.3878174	           0.2126007
3022500000	          -0.3752441	           0.1844788	          -0.2564697	          -0.6216125	          -0.2562866	          -0.6373291	          -0.3833466	           0.2152405
3029000000	          -0.3722382	           0.1859283	          -0.2597351	          -0.6194153	          -0.2593079	          -0.6344604	          -0.3789368	           0.2163696
3035500000	          -0.3682861	           0.1884155	          -0.2619324	           -0.618103	          -0.2616577	          -0.6337585	          -0.3744507	           0.2182617
3042000000	          -0.3639221	           0.1886444	          -0.2650146	          -0.6172485	          -0.2649231	          -0.6337585	          -0.3705597	           0.2182465
3048500000	          -0.3595276	           0.1894836	          -0.2681885	          -0.6166687	          -0.2693787	          -0.6338196	          -0.3665924	            0.219101
3055000000	          -0.3558655	           0.1884003	          -0.2723999	          -0.6160278	          -0.2748718	          -0.6323853	           -0.362442	           0.2176666
3061500000	          -0.3526917	           0.1885834	          -0.2759705	          -0.6147766	          -0.2797546	          -0.6300354	          -0.3582611	           0.2170715
3068000000	          -0.3502502	           0.1872406	          -0.2801514	          -0.6130676	           -0.283905	          -0.6265869	          -0.3543701	           0.2141418
3074500000	          -0.3477325	            0.187439	          -0.2835083	          -0.6115723	          -0.2865295	          -0.6242371	          -0.3506622	           0.2128601
3081000000	          -0.3455963	           0.1854858	          -0.2870178	          -0.6095581	          -0.2889404	          -0.6221924	          -0.3478546	           0.2099609
3087500000	          -0.3438568	           0.1850586	          -0.2897644	          -0.6079712	           -0.291626	          -0.6213989	          -0.3457794	           0.2090759
3094000000	          -0.3430176	            0.183197	          -0.2933044	          -0.6066589	          -0.2953491	          -0.6202087	          -0.3446045	           0.2073212
3100500000	            -0.34198	           0.1831055	          -0.2967529	          -0.6058044	          -0.2990723	          -0.6185303	          -0.3432922	           0.2075348
3107000000	          -0.3419189	           0.1825256	          -0.3009338	          -0.6038818	          -0.3023071	          -0.6159363	          -0.3429871	           0.2066345
3113500000	          -0.3411102	           0.1839142	          -0.3044128	          -0.6015625	          -0.3042908	           -0.614502	           -0.342392	           0.2074127
3120000000	          -0.3407898	           0.1846161	          -0.3071899	           -0.598175	          -0.3065796	          -0.6137695	          -0.3422089	           0.2070007
3126500000	          -0.3395996	           0.1873169	          -0.3087463	          -0.5968018	           -0.309906	          -0.6143799	          -0.3410187	           0.2085419
3133000000	          -0.3379211	           0.1889801	          -0.3110962	          -0.5961304	          -0.3153381	          -0.6135254	          -0.3391266	           0.2089539
3139500000	          -0.3355103	           0.1916046	          -0.3140259	          -0.5958252	          -0.3205872	          -0.6113892	          -0.3359375	           0.2104492
3146000000	          -0.3327179	           0.1927185	          -0.3184204	          -0.5949707	          -0.3254395	          -0.6072998	          -0.3321686	            0.210968
3152500000	          -0.3291473	           0.1946716	           -0.322052	          -0.5934753	          -0.3276062	          -0.6040344	          -0.3279572	           0.2124329
3159000000	          -0.3249969	           0.1947479	          -0.3256226	          -0.5914001	          -0.3294067	          -0.6017151	          -0.3238068	           0.2125397
3165500000	          -0.3208618	           0.1957092	          -0.3284607	          -0.5905457	          -0.3315125	           -0.601532	           -0.319458	           0.2140808
3172000000	          -0.3164978	           0.1947479	          -0.3322449	          -0.5891418	          -0.3355408	          -0.6010742	          -0.3157196	           0.2138062
3178500000	          -0.3128204	           0.1945801	          -0.3354797	          -0.5879822	          -0.3395386	          -0.6003418	          -0.3121643	           0.2140656
3185000000	          -0.3095856	           0.1924896	          -0.3396301	           -0.585907	          -0.3442078	          -0.5978394	          -0.3092041	           0.2120209
3191500000	          -0.3070526	           0.1915894	          -0.3431702	          -0.5840759	          -0.3475037	          -0.5953064	           -0.306427	           0.2107849
3198000000	          -0.3049927	           0.1894226	          -0.3471375	          -0.5813904	          -0.3504639	           -0.592041	          -0.3045349	           0.2074127
3204500000	          -0.3034668	           0.1889801	          -0.3499756	            -0.57901	          -0.3527527	          -0.5904846	          -0.3024902	           0.2059937
3211000000	          -0.3022766	           0.1872253	          -0.3527527	           -0.576416	          -0.3558655	          -0.5892944	          -0.3011322	           0.2037354
3217500000	          -0.3009033	           0.1868896	          -0.3552246	           -0.574707	           -0.359314	          -0.5883789	          -0.2992554	           0.2036133
3224000000	          -0.3002319	           0.1856537	          -0.3582153	          -0.5731506	          -0.3641052	          -0.5865173	          -0.2977448	           0.2028809
3230500000	          -0.2994537	           0.1864624	          -0.3613281	          -0.5723877	          -0.3678894	          -0.5841675	          -0.2962952	           0.2035522
3237000000	          -0.2984924	            0.186554	          -0.3649902	          -0.5703125	          -0.3711548	          -0.5808105	          -0.2953033	           0.2035065
3243500000	          -0.2968597	           0.1882782	          -0.3678894	           -0.568573	          -0.3729858	          -0.5788879	          -0.2943573	            0.204834
3250000000	          -0.2950592	           0.1891022	          -0.3706055	          -0.5662231	          -0.3753052	          -0.5778198	          -0.2935944	            0.205307
3256500000	          -0.2927551	           0.1909637	          -0.3731995	          -0.5651855	          -0.3782654	          -0.5772705	          -0.2918091	           0.2069855
3263000000	          -0.2903748	           0.1914825	          -0.3764954	          -0.5639343	          -0.3825073	          -0.5758057	          -0.2893219	           0.2072144
3269500000	          -0.2880554	           0.1927643	          -0.3797607	          -0.5631409	          -0.3864441	           -0.573761	          -0.2860107	           0.2081757
3276000000	          -0.2857513	           0.1924896	          -0.3838806	          -0.5613403	          -0.3902283	          -0.5708618	          -0.2823181	           0.2076874
3282500000	          -0.2830505	           0.1932373	          -0.3875122	          -0.5595703	          -0.3932495	          -0.5688477	           -0.278595	           0.2081757
3289000000	          -0.2801361	           0.1921539	          -0.3916016	          -0.5571594	          -0.3964844	          -0.5666199	          -0.2749176	           0.2071838
3295500000	          -0.2770081	           0.1918945	          -0.3951416	          -0.5549316	          -0.3998413	          -0.5651855	          -0.2713928	           0.2073059
3302000000	          -0.2740936	           0.1895447	          -0.3986511	          -0.5521851	          -0.4040527	          -0.5625916	          -0.2686615	           0.2058716
3308500000	          -0.2717743	           0.1887207	          -0.4015503	          -0.5498352	          -0.4072266	          -0.5604553	          -0.2663116	           0.2055054
3315000000	          -0.2700195	           0.1862335	          -0.4048157	          -0.5467834	          -0.4104919	          -0.5571899	            -0.26474	           0.2030334
3321500000	          -0.2683716	           0.1856537	          -0.4073181	          -0.5444031	          -0.4126892	          -0.5549622	          -0.2636261	            0.201767
3328000000	          -0.2671967	            0.183548	          -0.4104919	          -0.5414734	          -0.4154358	          -0.5525818	          -0.2631378	           0.1991272
3334500000	          -0.2661438	           0.1830139	          -0.4130249	          -0.5392151	           -0.418335	          -0.5511475	          -0.2619934	           0.1983032
3341000000	          -0.2658081	           0.1813965	           -0.415741	          -0.5365295	          -0.4223022	          -0.5487366	          -0.2609863	           0.1965485
3347500000	          -0.2652588	            0.181076	          -0.4181519	          -0.5345764	          -0.4261475	          -0.5460815	           -0.259201	           0.1963959
3354000000	           -0.265213	            0.180542	          -0.4212646	          -0.5325012	          -0.4291992	          -0.5421143	          -0.2580261	           0.1959076
3360500000	          -0.2642212	           0.1813049	          -0.4240417	          -0.5307007	          -0.4306946	           -0.539093	           -0.256546	           0.1968842
3367000000	          -0.2628937	           0.1811829	          -0.4273987	          -0.5282898	          -0.4320679	          -0.5370178	          -0.2555237	           0.1977081
3373500000	          -0.2609253	           0.1821594	          -0.4301147	           -0.526123	          -0.4341736	          -0.5363464	          -0.2539825	            0.199646
3380000000	          -0.2588043	           0.1821289	          -0.4332581	          -0.5234985	           -0.437561	          -0.5355835	          -0.2527771	            0.200531
3386500000	          -0.2566376	           0.1830444	          -0.4356384	          -0.5213623	          -0.4413757	          -0.5341797	          -0.2508698	           0.2014923
3393000000	          -0.2548981	           0.1829834	          -0.4388428	          -0.5192871	          -0.4456482	          -0.5310364	           -0.249176	           0.2003708
3399500000	          -0.2530975	           0.1836395	          -0.4412537	           -0.517334	          -0.4489746	          -0.5280762	          -0.2463989	           0.1996841
3406000000	          -0.2512207	           0.1830597	           -0.444397	          -0.5151672	          -0.4518738	          -0.5250244	          -0.2435379	           0.1978912
3412500000	          -0.2488785	             0.18293	          -0.4472656	          -0.5128784	          -0.4547119	          -0.5231934	          -0.2401276	           0.1973038
3419000000	          -0.2468185	           0.1815948	          -0.4505615	          -0.5100708	          -0.4585266	          -0.5212097	          -0.2369919	           0.1960831
3425500000	          -0.2451935	           0.1811981	          -0.4532166	          -0.5079651	          -0.4623413	          -0.5187073	          -0.2337799	           0.1955338
3432000000	          -0.2438889	           0.1797256	          -0.4559937	          -0.5052185	          -0.4659119	          -0.5149536	          -0.2319641	           0.1943665
3438500000	          -0.2420578	           0.1793442	          -0.4585876	          -0.5033264	          -0.4682617	          -0.5112915	          -0.2307053	           0.1936264
3445000000	          -0.2405319	           0.1776199	          -0.4619446	          -0.5002441	          -0.4699402	          -0.5076294	          -0.2305298	            0.192131
3451500000	           -0.239006	           0.1769943	          -0.4646759	          -0.4973755	          -0.4709778	          -0.5058899	          -0.2300339	           0.1919937
3458000000	          -0.2380676	           0.1752548	          -0.4674377	          -0.4936981	          -0.4735413	           -0.504303	          -0.2299423	           0.1912155
3464500000	           -0.237648	           0.1750717	          -0.4690094	          -0.4909973	          -0.4766846	          -0.5031433	          -0.2285004	           0.1911697
3471000000	          -0.2379761	           0.1741867	          -0.4706421	           -0.488678	          -0.4812927	          -0.5004578	          -0.2268448	           0.1898117
3477500000	          -0.2377472	           0.1752319	          -0.4723053	          -0.4875641	          -0.4852295	          -0.4972992	          -0.2248459	           0.1891479
3484000000	          -0.2372131	           0.1756516	          -0.4752655	          -0.4863129	          -0.4880524	          -0.4929962	          -0.2232895	              0.1875
3490500000	          -0.2356796	           0.1766052	          -0.4787903	          -0.4847717	          -0.4896851	           -0.490097	          -0.2216263	           0.1874924
3497000000	          -0.2342834	           0.1761322	          -0.4827728	          -0.4816589	          -0.4915771	          -0.4876099	          -0.2200546	           0.1871719
3503500000	          -0.2327271	           0.1765213	          -0.4848785	           -0.478775	          -0.4937744	          -0.4859467	          -0.2182465	           0.1881027
3510000000	          -0.2316132	           0.1762085	          -0.4867706	          -0.4759979	          -0.4970703	          -0.4838104	          -0.2164841	           0.1880112
3516500000	           -0.230011	           0.1772461	          -0.4881134	          -0.4744568	                -0.5	          -0.4813232	          -0.2146683	           0.1881561
3523000000	           -0.228447	            0.177803	          -0.4912415	          -0.4732666	          -0.5029907	          -0.4781189	          -0.2133026	           0.1869965
3529500000	          -0.2262573	           0.1791077	          -0.4950409	            -0.47229	          -0.5053101	          -0.4753418	          -0.2116318	           0.1865463
3536000000	          -0.2239609	           0.1791687	          -0.4998627	           -0.469101	          -0.5081482	          -0.4727478	          -0.2099075	           0.1849899
3542500000	          -0.2217102	           0.1794968	          -0.5028381	          -0.4656677	          -0.5108337	          -0.4706726	          -0.2077713	           0.1841965
3549000000	          -0.2202377	           0.1786804	          -0.5049133	          -0.4620361	          -0.5142517	          -0.4678345	          -0.2054214	            0.182724
3555500000	            -0.21875	           0.1789551	          -0.5063477	          -0.4602966	          -0.5171814	          -0.4651489	          -0.2029114	           0.1821518
3562000000	          -0.2173843	           0.1785355	          -0.5093689	          -0.4590454	            -0.52005	          -0.4616699	          -0.2010345	           0.1807175
3568500000	          -0.2153854	            0.178978	          -0.5132751	          -0.4581604	          -0.5220642	           -0.459198	          -0.1992645	           0.1804657
3575000000	          -0.2132263	           0.1781769	          -0.5184631	          -0.4542847	          -0.5247498	          -0.4561768	           -0.198204	           0.1794205
3581500000	          -0.2108841	            0.178009	          -0.5216675	          -0.4500427	          -0.5270996	          -0.4539185	          -0.1972351	           0.1791077
3588000000	          -0.2093124	           0.1768494	          -0.5235596	          -0.4446411	          -0.5302734	          -0.4508362	          -0.1968231	           0.1778488
3594500000	          -0.2082138	           0.1769638	          -0.5245667	          -0.4415894	          -0.5325623	          -0.4477539	          -0.1959763	           0.1772308
3601000000	          -0.2072449	           0.1769791	          -0.5259399	          -0.4394226	          -0.5351563	          -0.4440308	          -0.1951141	           0.1754532
3607500000	          -0.2056885	           0.1780853	           -0.528656	          -0.4381409	          -0.5372009	          -0.4413757	          -0.1939392	           0.1747513
3614000000	          -0.2038651	           0.1784363	          -0.5328674	          -0.4354858	           -0.539856	          -0.4382324	          -0.1925278	           0.1733475
3620500000	          -0.2014542	           0.1789322	          -0.5361938	          -0.4320068	          -0.5422363	          -0.4356995	          -0.1906586	           0.1731415
3627000000	          -0.1993484	           0.1778717	          -0.5387268	           -0.427002	          -0.5450134	          -0.4325256	          -0.1887589	           0.1726913
3633500000	          -0.1973877	           0.1775742	          -0.5400696	          -0.4236755	          -0.5474548	           -0.429657	          -0.1865845	           0.1728897
3640000000	          -0.1954651	           0.1767197	          -0.5414124	          -0.4208984	            -0.54953	          -0.4262085	          -0.1851349	           0.1723404
3646500000	          -0.1931076	           0.1767578	           -0.543335	          -0.4192505	          -0.5509644	          -0.4239502	          -0.1839294	           0.1725464
3653000000	          -0.1906586	           0.1762314	          -0.5463257	          -0.4163513	          -0.5533447	          -0.4214172	          -0.1831055	           0.1719131
3659500000	          -0.1880112	           0.1762161	          -0.5492249	          -0.4134216	          -0.5555725	          -0.4190369	          -0.1820602	           0.1718292
3666000000	          -0.1856308	           0.1748123	          -0.5515137	           -0.408905	          -0.5587158	           -0.415802	          -0.1808472	           0.1701508
3672500000	          -0.1835403	           0.1742401	          -0.5524902	          -0.4056702	          -0.5610046	          -0.4127197	          -0.1789169	           0.1687851
3679000000	          -0.1820374	           0.1727905	          -0.5536194	          -0.4026184	          -0.5641785	           -0.408905	          -0.1765823	           0.1668167
3685500000	          -0.1805267	           0.1724396	          -0.5547791	          -0.4008179	          -0.5657654	           -0.405426	          -0.1748352	           0.1651993
3692000000	          -0.1789017	            0.171051	          -0.5578613	          -0.3988953	          -0.5680847	          -0.4020081	          -0.1732635	           0.1632614
3698500000	          -0.1771164	           0.1702271	           -0.560791	          -0.3963013	           -0.569519	          -0.3995972	           -0.171669	           0.1633072
3705000000	          -0.1755524	           0.1680145	          -0.5639648	          -0.3921204	          -0.5721436	          -0.3965759	          -0.1704025	           0.1629028
3711500000	          -0.1740417	            0.166626	          -0.5659485	          -0.3883972	          -0.5743713	          -0.3940735	          -0.1690216	           0.1630783
3718000000	          -0.1728897	           0.1644897	          -0.5673218	          -0.3844604	          -0.5769653	          -0.3907166	          -0.1680298	           0.1623917
3724500000	          -0.1718979	            0.164032	          -0.5682983	          -0.3815918	           -0.578949	          -0.3875427	          -0.1671829	            0.162056
3731000000	          -0.1708374	           0.1629181	          -0.5697632	          -0.3791809	          -0.5809937	          -0.3840332	          -0.1668472	           0.1604538
3737500000	          -0.1694794	           0.1625443	          -0.5714722	          -0.3768921	          -0.5826721	          -0.3811646	          -0.1660156	           0.1598892
3744000000	          -0.1684036	           0.1617661	          -0.5736389	          -0.3742981	          -0.5848999	          -0.3779602	          -0.1649551	           0.1583176
3750500000	           -0.167038	           0.1616364	           -0.575531	          -0.3718567	          -0.5872498	           -0.375061	          -0.1631012	           0.1575546
3757000000	          -0.1660919	            0.160759	          -0.5779114	          -0.3687744	          -0.5894775	          -0.3713074	          -0.1611481	           0.1560364
3763500000	          -0.1646881	           0.1605072	          -0.5799866	          -0.3660889	          -0.5914001	          -0.3680115	          -0.1592407	           0.1554871
3770000000	           -0.163353	           0.1593094	          -0.5828552	           -0.362915	          -0.5932617	          -0.3642273	          -0.1581879	           0.1546631
3776500000	          -0.1617584	           0.1585693	          -0.5849915	          -0.3597412	          -0.5947266	          -0.3612671	          -0.1571121	           0.1549606
3783000000	          -0.1604233	           0.1569748	          -0.5871887	          -0.3555908	          -0.5968018	          -0.3579102	          -0.1563797	           0.1549301
3789500000	          -0.1589203	           0.1563721	           -0.588562	          -0.3523254	          -0.5985107	          -0.3551636	          -0.1554031	           0.1552124
3796000000	          -0.1578598	           0.1545639	          -0.5897827	           -0.348877	          -0.6009827	          -0.3517456	          -0.1542969	           0.1542892
3802500000	          -0.1564789	            0.154007	          -0.5906067	           -0.346405	          -0.6025085	          -0.3487854	          -0.1527939	           0.1531296
3809000000	          -0.1551819	           0.1524887	          -0.5925293	          -0.3442993	          -0.6047058	          -0.3453064	          -0.1516647	           0.1504364
3815500000	          -0.1537323	            0.151825	           -0.594574	          -0.3422546	          -0.6064148	          -0.3421326	          -0.1506195	            0.148613
3822000000	          -0.1524658	           0.1500244	          -0.5974731	          -0.3391724	          -0.6083374	          -0.3384705	          -0.1494751	           0.1464615
3828500000	          -0.1512756	           0.1490631	          -0.5995178	          -0.3362427	          -0.6098633	          -0.3354187	          -0.1480713	           0.1455917
3835000000	          -0.1504974	           0.1471252	           -0.601532	          -0.3322144	          -0.6116333	          -0.3317261	          -0.1468964	           0.1445236
3841500000	          -0.1495972	           0.1462784	          -0.6028442	          -0.3293457	          -0.6133118	          -0.3286133	           -0.145668	           0.1442184
3848000000	          -0.1487808	           0.1448212	          -0.6048584	          -0.3261108	          -0.6150208	          -0.3250427	          -0.1450577	           0.1436234
3854500000	           -0.147644	           0.1443939	          -0.6066284	          -0.3233948	          -0.6165466	          -0.3218994	          -0.1448212	           0.1432953
3861000000	          -0.1466141	           0.1430054	          -0.6091003	          -0.3197937	          -0.6183472	          -0.3182983	          -0.1449966	           0.1423874
3867500000	          -0.1456146	           0.1425095	          -0.6109314	          -0.3165894	           -0.619812	          -0.3152771	          -0.1445999	           0.1419601
3874000000	          -0.1449127	           0.1414337	          -0.6127319	          -0.3127441	          -0.6216736	          -0.3114624	          -0.1443405	           0.1403503
3880500000	          -0.1439667	           0.1411972	          -0.6138611	          -0.3098755	          -0.6230774	          -0.3082581	          -0.1432953	            0.139389
3887000000	          -0.1430893	           0.1403275	          -0.6158142	          -0.3067627	          -0.6247864	          -0.3044434	          -0.1423569	           0.1375885
3893500000	          -0.1416168	           0.1399536	          -0.6172791	          -0.3044128	          -0.6259155	          -0.3016968	          -0.1412048	           0.1368408
3900000000	          -0.1401901	           0.1386871	          -0.6203003	          -0.3009033	          -0.6278992	          -0.2979736	          -0.1397934	           0.1357727
