! 
! FILENAME FOAM_MUT_20mm_TG
# Hz S RI R 50
2600000000	          -0.5015259	           0.0780945	            0.027771	          -0.6405945	           0.0348816	          -0.6421204	             -0.5112	           0.0572205
2606500000	           -0.499649	           0.0809021	           0.0228577	          -0.6420593	           0.0303955	          -0.6439819	          -0.5092468	            0.059082
2613000000	          -0.4977264	           0.0838928	           0.0182495	          -0.6429749	           0.0256958	          -0.6454773	          -0.5071411	           0.0610962
2619500000	          -0.4958649	           0.0869751	           0.0132141	          -0.6443176	            0.020874	          -0.6472473	          -0.5054016	            0.063324
2626000000	          -0.4939575	           0.0901947	           0.0083923	          -0.6454163	           0.0160828	          -0.6488647	          -0.5036011	           0.0656738
2632500000	          -0.4919128	           0.0935059	           0.0033264	          -0.6463013	           0.0112305	          -0.6502075	           -0.501709	           0.0681152
2639000000	          -0.4896851	           0.0968018	          -0.0015564	          -0.6469116	           0.0062256	          -0.6512146	          -0.4998627	           0.0705719
2645500000	          -0.4875641	           0.1000671	          -0.0065308	          -0.6477661	           0.0011292	          -0.6523743	          -0.4980316	           0.0730286
2652000000	          -0.4854126	           0.1033325	          -0.0115356	          -0.6484375	          -0.0037842	          -0.6535339	          -0.4963226	           0.0755768
2658500000	          -0.4832001	           0.1065674	          -0.0165405	          -0.6490173	          -0.0088806	           -0.654541	          -0.4945831	           0.0781097
2665000000	          -0.4809113	           0.1098022	          -0.0213928	          -0.6495361	          -0.0137329	           -0.655304	          -0.4928131	           0.0805969
2671500000	          -0.4786072	            0.112915	          -0.0263062	          -0.6501465	          -0.0187988	          -0.6562805	          -0.4910431	           0.0830994
2678000000	          -0.4762573	           0.1160278	          -0.0310669	          -0.6506348	          -0.0235596	          -0.6571045	          -0.4893494	           0.0855865
2684500000	          -0.4738312	           0.1190186	          -0.0358276	           -0.651062	          -0.0284119	          -0.6578979	          -0.4876404	            0.088028
2691000000	          -0.4714661	           0.1220093	          -0.0405273	          -0.6515198	          -0.0332642	          -0.6585388	          -0.4859924	           0.0904694
2697500000	          -0.4690704	           0.1248474	           -0.045166	           -0.651947	          -0.0379944	          -0.6592712	          -0.4843597	           0.0928497
2704000000	          -0.4665527	           0.1275787	          -0.0496521	          -0.6524048	          -0.0426025	          -0.6598511	           -0.482666	           0.0951385
2710500000	          -0.4641113	           0.1302643	          -0.0541687	           -0.652832	          -0.0472107	           -0.660553	          -0.4811096	           0.0974884
2717000000	          -0.4616852	           0.1328888	          -0.0585938	          -0.6532593	          -0.0517883	          -0.6611938	          -0.4795227	            0.099762
2723500000	          -0.4591675	           0.1353455	          -0.0629883	          -0.6536255	          -0.0562134	          -0.6617432	          -0.4779053	            0.102005
2730000000	          -0.4567261	           0.1377869	          -0.0672302	          -0.6541443	          -0.0606384	          -0.6624756	          -0.4764404	           0.1042175
2736500000	          -0.4541931	           0.1401215	          -0.0715637	          -0.6545715	          -0.0650024	          -0.6631165	           -0.474884	           0.1063995
2743000000	          -0.4516754	           0.1423645	          -0.0757446	          -0.6549683	          -0.0693054	          -0.6636353	          -0.4733734	            0.108551
2749500000	           -0.449173	           0.1444092	           -0.079895	           -0.655426	          -0.0735779	          -0.6642456	          -0.4718475	           0.1106415
2756000000	          -0.4466553	           0.1464081	          -0.0839539	          -0.6558533	          -0.0776672	           -0.664856	          -0.4702911	           0.1127319
2762500000	          -0.4441223	           0.1483154	          -0.0879822	          -0.6562805	          -0.0818481	          -0.6654053	          -0.4687958	           0.1147614
2769000000	          -0.4416504	           0.1501923	          -0.0919495	          -0.6567383	           -0.085907	          -0.6659851	          -0.4673004	           0.1167908
2775500000	          -0.4391937	           0.1519012	          -0.0959167	          -0.6572571	          -0.0899353	          -0.6666565	          -0.4657898	           0.1188049
2782000000	          -0.4366608	           0.1535187	          -0.0997925	          -0.6576843	          -0.0939331	          -0.6672363	          -0.4642487	           0.1208038
2788500000	          -0.4342041	           0.1550598	          -0.1037292	          -0.6581726	          -0.0978699	          -0.6678467	          -0.4627228	           0.1227875
2795000000	          -0.4317474	           0.1565704	          -0.1075439	          -0.6585999	          -0.1018372	           -0.668335	          -0.4612274	           0.1247559
2801500000	          -0.4293518	           0.1579437	          -0.1113586	          -0.6591492	          -0.1057434	          -0.6690063	           -0.459671	           0.1266785
2808000000	          -0.4268799	           0.1592407	          -0.1151123	          -0.6596069	          -0.1095581	          -0.6695557	          -0.4580536	           0.1286011
2814500000	          -0.4244385	           0.1604462	           -0.118927	          -0.6600037	          -0.1134033	          -0.6700439	          -0.4564362	           0.1305237
2821000000	          -0.4220581	           0.1616516	          -0.1226807	          -0.6604614	          -0.1171875	          -0.6706238	          -0.4548187	            0.132431
2827500000	           -0.419693	           0.1627045	          -0.1264954	          -0.6608887	          -0.1210632	          -0.6711121	           -0.453125	           0.1343231
2834000000	          -0.4173126	           0.1637573	           -0.130188	          -0.6612854	          -0.1248474	          -0.6716614	          -0.4514313	              0.1362
2840500000	          -0.4149628	           0.1647339	          -0.1339722	          -0.6616821	          -0.1286621	          -0.6721497	          -0.4496613	           0.1380768
2847000000	          -0.4126282	           0.1656647	          -0.1377563	          -0.6619873	          -0.1324463	          -0.6725769	          -0.4478455	           0.1399536
2853500000	          -0.4103394	           0.1665344	            -0.14151	          -0.6624146	           -0.136322	          -0.6730347	          -0.4460144	           0.1418152
2860000000	            -0.40802	           0.1673584	          -0.1452942	          -0.6625977	          -0.1401062	          -0.6734009	          -0.4440613	           0.1436157
2866500000	          -0.4057617	           0.1681366	          -0.1491089	          -0.6628723	          -0.1439819	          -0.6737976	          -0.4421082	            0.145462
2873000000	          -0.4034729	           0.1689148	          -0.1528931	          -0.6630859	          -0.1478271	          -0.6740723	           -0.440094	           0.1472626
2879500000	          -0.4012604	            0.169632	          -0.1567078	          -0.6632996	          -0.1517029	          -0.6744385	          -0.4380341	           0.1490326
2886000000	          -0.3989868	           0.1703033	          -0.1604919	          -0.6633301	          -0.1555176	          -0.6746216	          -0.4358368	           0.1508179
2892500000	           -0.396759	           0.1709595	          -0.1643677	          -0.6634216	          -0.1594238	          -0.6748047	          -0.4336395	           0.1525421
2899000000	          -0.3945465	           0.1716156	          -0.1682129	          -0.6633301	          -0.1633301	          -0.6748352	          -0.4313202	           0.1542358
2905500000	          -0.3923492	           0.1722107	          -0.1720886	          -0.6632996	          -0.1672974	          -0.6749268	          -0.4290009	           0.1559143
2912000000	          -0.3901367	            0.172821	          -0.1759338	           -0.663208	          -0.1712036	          -0.6749878	            -0.42659	            0.157547
2918500000	            -0.38797	           0.1734009	          -0.1798096	          -0.6630249	          -0.1751709	          -0.6749268	          -0.4241333	           0.1591492
2925000000	          -0.3858185	           0.1739807	          -0.1837463	          -0.6627808	          -0.1791382	          -0.6748047	          -0.4216003	           0.1607208
2931500000	          -0.3836517	             0.17453	          -0.1876526	          -0.6624756	          -0.1831665	          -0.6746521	          -0.4190216	           0.1622467
2938000000	          -0.3814697	           0.1750793	          -0.1915588	          -0.6620789	          -0.1871643	          -0.6743469	          -0.4163971	           0.1637115
2944500000	          -0.3793182	           0.1756134	          -0.1954651	          -0.6616516	          -0.1912231	          -0.6740417	          -0.4137115	           0.1651306
2951000000	          -0.3771515	            0.176178	          -0.1993713	          -0.6611023	          -0.1952515	           -0.673645	          -0.4109497	           0.1665039
2957500000	          -0.3750305	            0.176712	          -0.2033081	          -0.6605225	          -0.1992798	          -0.6731873	          -0.4081726	           0.1678009
2964000000	          -0.3728943	           0.1772308	          -0.2072144	          -0.6599426	          -0.2033081	          -0.6727295	          -0.4053497	           0.1690521
2970500000	          -0.3707428	           0.1777649	          -0.2110901	          -0.6592102	          -0.2073669	          -0.6720886	          -0.4024811	           0.1702423
2977000000	          -0.3685913	           0.1782837	          -0.2149963	          -0.6584167	          -0.2114258	          -0.6714172	          -0.3995514	           0.1713715
2983500000	          -0.3664551	           0.1787872	          -0.2189026	          -0.6575928	          -0.2155151	          -0.6706848	           -0.396637	           0.1724243
2990000000	          -0.3643188	            0.179306	          -0.2228088	          -0.6567078	           -0.219574	          -0.6699829	          -0.3937073	           0.1734467
2996500000	          -0.3621674	           0.1798401	          -0.2266541	          -0.6557922	          -0.2236023	          -0.6690979	          -0.3907318	           0.1743774
3003000000	          -0.3600311	           0.1803589	          -0.2304993	          -0.6548157	          -0.2276611	          -0.6681824	          -0.3877563	           0.1752625
3009500000	          -0.3578644	           0.1808472	          -0.2343445	          -0.6537476	          -0.2316589	          -0.6672058	          -0.3847656	           0.1760559
3016000000	          -0.3556824	           0.1813354	          -0.2381287	          -0.6526794	          -0.2356873	          -0.6661987	          -0.3817291	           0.1767731
3022500000	          -0.3535309	           0.1818542	          -0.2419434	          -0.6515503	          -0.2396851	          -0.6651306	          -0.3787231	           0.1774445
3029000000	          -0.3513641	           0.1823425	           -0.245697	          -0.6503601	          -0.2436523	          -0.6639709	          -0.3757324	           0.1780548
3035500000	          -0.3491974	           0.1828308	          -0.2494507	          -0.6491699	          -0.2476501	          -0.6627808	           -0.372757	           0.1785889
3042000000	          -0.3470306	           0.1833191	          -0.2531433	          -0.6479187	          -0.2515869	          -0.6615601	          -0.3697815	           0.1790771
3048500000	          -0.3448334	           0.1838074	          -0.2568665	           -0.646637	          -0.2554932	          -0.6602783	           -0.366806	           0.1795044
3055000000	          -0.3426666	           0.1842957	          -0.2605591	          -0.6452942	          -0.2594299	          -0.6589966	          -0.3638916	           0.1799011
3061500000	          -0.3404999	           0.1847382	          -0.2642212	          -0.6440125	          -0.2633057	          -0.6576233	          -0.3609619	           0.1802063
3068000000	          -0.3382568	           0.1851807	          -0.2678223	          -0.6426086	          -0.2671509	          -0.6562805	          -0.3580475	           0.1804657
3074500000	          -0.3360596	           0.1856384	          -0.2714844	          -0.6412048	          -0.2709961	          -0.6548157	          -0.3551941	           0.1806946
3081000000	           -0.333847	           0.1860657	          -0.2750549	           -0.639801	          -0.2748413	          -0.6533508	           -0.352356	           0.1808777
3087500000	          -0.3316345	           0.1864777	           -0.278656	          -0.6383667	           -0.278656	           -0.651886	          -0.3495331	           0.1809998
3094000000	          -0.3294373	           0.1868896	           -0.282196	          -0.6369629	          -0.2824402	          -0.6503906	          -0.3467712	           0.1810913
3100500000	          -0.3272095	           0.1872711	          -0.2857361	           -0.635498	          -0.2861633	          -0.6488953	          -0.3440247	           0.1811371
3107000000	          -0.3249664	           0.1876373	          -0.2892761	          -0.6340027	           -0.289917	          -0.6473083	          -0.3413086	           0.1811676
3113500000	          -0.3227386	           0.1879883	          -0.2927856	          -0.6324768	          -0.2936096	           -0.645752	          -0.3386536	           0.1811523
3120000000	          -0.3204803	            0.188324	          -0.2962341	          -0.6309814	          -0.2973022	          -0.6441345	          -0.3360138	           0.1811218
3126500000	           -0.318222	           0.1886139	          -0.2997131	          -0.6294861	          -0.3009644	          -0.6425476	          -0.3333893	           0.1810608
3133000000	          -0.3159943	           0.1889038	          -0.3031616	          -0.6278992	          -0.3045959	          -0.6408997	          -0.3308411	           0.1809845
3139500000	          -0.3137512	           0.1891632	          -0.3066101	          -0.6263733	           -0.308197	          -0.6392212	          -0.3283081	           0.1808624
3146000000	          -0.3114624	           0.1893921	          -0.3100281	          -0.6247864	          -0.3117981	          -0.6375427	          -0.3257904	           0.1807251
3152500000	          -0.3092041	           0.1895905	           -0.313446	          -0.6231995	          -0.3153992	          -0.6358643	          -0.3233185	           0.1805878
3159000000	          -0.3069763	           0.1898041	           -0.316925	          -0.6216431	          -0.3189697	          -0.6341858	          -0.3209229	            0.180481
3165500000	           -0.304718	           0.1899567	           -0.320282	          -0.6199951	          -0.3225098	          -0.6324463	           -0.318512	           0.1802979
3172000000	          -0.3024597	            0.190094	             -0.3237	          -0.6183777	          -0.3260193	          -0.6307373	          -0.3161316	           0.1801453
3178500000	          -0.3002319	           0.1902008	          -0.3270874	          -0.6167908	          -0.3295898	          -0.6289978	          -0.3138275	           0.1799622
3185000000	          -0.2979736	           0.1902771	          -0.3304443	          -0.6150818	          -0.3330688	          -0.6271973	          -0.3114929	           0.1797791
3191500000	          -0.2957611	           0.1903229	          -0.3338318	          -0.6134338	          -0.3365784	          -0.6254883	          -0.3092194	           0.1795959
3198000000	          -0.2935181	           0.1903381	          -0.3371887	          -0.6117249	          -0.3400574	          -0.6236572	          -0.3069611	           0.1794281
3204500000	          -0.2913055	           0.1903076	          -0.3405457	          -0.6100159	          -0.3435059	          -0.6218567	          -0.3047333	           0.1792145
3211000000	          -0.2891235	           0.1902771	          -0.3439026	          -0.6082764	          -0.3470154	          -0.6200562	          -0.3025208	           0.1790619
3217500000	          -0.2869263	           0.1902008	          -0.3472595	          -0.6065063	          -0.3504333	          -0.6181946	          -0.3003387	           0.1788635
3224000000	          -0.2847443	           0.1900787	          -0.3505859	          -0.6047668	          -0.3538818	          -0.6163635	          -0.2981415	           0.1786499
3230500000	           -0.282608	           0.1899567	          -0.3539124	          -0.6029968	          -0.3573303	          -0.6145325	          -0.2960205	           0.1784821
3237000000	          -0.2804565	           0.1898041	          -0.3572388	          -0.6011658	          -0.3607483	          -0.6126099	          -0.2938843	            0.178299
3243500000	          -0.2783356	            0.189621	          -0.3605347	          -0.5992737	          -0.3641357	          -0.6106567	           -0.291748	           0.1781006
3250000000	          -0.2762299	           0.1894073	          -0.3638306	          -0.5974426	          -0.3675537	          -0.6087952	          -0.2896729	           0.1779175
3256500000	          -0.2741547	           0.1891479	          -0.3670959	            -0.59552	          -0.3709412	          -0.6068115	          -0.2875519	           0.1777039
3263000000	          -0.2720947	           0.1888885	          -0.3704224	          -0.5936584	          -0.3743286	          -0.6048584	          -0.2855072	            0.177536
3269500000	            -0.27005	           0.1885834	          -0.3736572	          -0.5916748	          -0.3776855	          -0.6028137	          -0.2834167	           0.1773224
3276000000	          -0.2680664	           0.1882782	          -0.3769226	          -0.5897522	           -0.381073	          -0.6008911	          -0.2813873	           0.1771393
3282500000	          -0.2660828	           0.1879272	           -0.380127	           -0.587738	          -0.3844604	          -0.5988159	          -0.2793274	           0.1769257
3289000000	          -0.2641144	           0.1875763	          -0.3833313	          -0.5856628	          -0.3877258	          -0.5967407	          -0.2772675	            0.176712
3295500000	          -0.2622375	           0.1871948	          -0.3865967	          -0.5837097	          -0.3911133	          -0.5947266	          -0.2752838	           0.1765289
3302000000	          -0.2602997	           0.1867981	            -0.38974	           -0.581604	          -0.3944092	          -0.5925903	          -0.2732544	              0.1763
3308500000	          -0.2584839	           0.1864014	          -0.3929138	          -0.5795898	          -0.3977356	          -0.5905151	          -0.2712708	           0.1760712
3315000000	          -0.2566528	           0.1859741	          -0.3960876	          -0.5774231	           -0.401001	          -0.5883179	          -0.2692566	           0.1758575
3321500000	          -0.2548676	           0.1855621	           -0.399231	          -0.5753784	          -0.4043274	          -0.5861816	          -0.2672882	           0.1756287
3328000000	          -0.2530975	           0.1851044	          -0.4023743	          -0.5732422	          -0.4076233	          -0.5840149	          -0.2653198	           0.1753693
3334500000	          -0.2514038	           0.1846771	          -0.4054565	           -0.571106	          -0.4108887	          -0.5818176	          -0.2633667	           0.1751099
3341000000	          -0.2497025	           0.1842728	          -0.4085999	          -0.5689392	          -0.4142151	          -0.5796204	          -0.2614288	           0.1748657
3347500000	          -0.2480469	            0.183815	          -0.4116821	          -0.5667725	          -0.4174194	          -0.5773621	           -0.259491	           0.1745911
3354000000	          -0.2464294	           0.1833801	          -0.4147949	          -0.5646362	          -0.4207153	          -0.5751343	          -0.2575836	           0.1743317
3360500000	          -0.2448273	           0.1829529	          -0.4178467	          -0.5624084	          -0.4239197	          -0.5727844	           -0.255661	           0.1740265
3367000000	          -0.2432785	           0.1825333	          -0.4208984	          -0.5602112	          -0.4271851	          -0.5705566	          -0.2537689	           0.1737518
3373500000	          -0.2417297	           0.1821213	          -0.4239197	          -0.5579529	          -0.4303589	          -0.5681458	          -0.2518768	           0.1734314
3380000000	          -0.2402344	           0.1817245	          -0.4269409	          -0.5558167	          -0.4335938	           -0.565918	               -0.25	           0.1731186
3386500000	          -0.2387466	           0.1813278	          -0.4299622	          -0.5535278	          -0.4367981	          -0.5635071	          -0.2481308	           0.1728058
3393000000	          -0.2372818	           0.1809616	          -0.4329834	             -0.5513	          -0.4400024	          -0.5611267	          -0.2462692	           0.1724701
3399500000	          -0.2358398	           0.1805878	          -0.4359741	          -0.5490417	          -0.4431458	          -0.5586853	          -0.2444229	           0.1721115
3406000000	          -0.2344055	           0.1802444	          -0.4389648	          -0.5467529	          -0.4462891	          -0.5562744	          -0.2425766	           0.1717453
3412500000	           -0.233017	           0.1799316	          -0.4419556	          -0.5445251	          -0.4494629	          -0.5538635	          -0.2407608	           0.1713638
3419000000	          -0.2316208	           0.1796265	          -0.4449158	          -0.5422363	          -0.4525757	          -0.5513916	          -0.2389374	           0.1709824
3425500000	          -0.2302475	           0.1793442	          -0.4479065	           -0.539917	          -0.4556885	          -0.5489197	          -0.2371445	           0.1705933
3432000000	          -0.2288742	           0.1790848	          -0.4508667	          -0.5376587	          -0.4588013	          -0.5464478	          -0.2353439	           0.1701736
3438500000	          -0.2274933	           0.1788406	          -0.4537659	          -0.5353088	           -0.461853	          -0.5438843	          -0.2335434	           0.1697311
3445000000	          -0.2261429	            0.178627	          -0.4567261	            -0.53302	          -0.4649353	          -0.5413818	          -0.2317886	           0.1693115
3451500000	          -0.2247772	           0.1784286	          -0.4596558	          -0.5307007	          -0.4679565	          -0.5387878	           -0.230011	           0.1688461
3458000000	          -0.2234268	           0.1782608	           -0.462616	          -0.5283813	          -0.4710083	          -0.5362549	          -0.2282715	           0.1683807
3464500000	          -0.2220535	           0.1781006	          -0.4655151	          -0.5260315	           -0.473999	          -0.5336914	          -0.2265244	           0.1679001
3471000000	          -0.2206879	           0.1779709	          -0.4684753	          -0.5236511	          -0.4769897	          -0.5310974	          -0.2247925	           0.1674042
3477500000	          -0.2192993	           0.1778336	          -0.4713135	          -0.5212708	          -0.4799194	          -0.5284424	          -0.2230453	            0.166893
3484000000	          -0.2179108	            0.177742	          -0.4742432	          -0.5189514	          -0.4828796	          -0.5258789	           -0.221344	           0.1663666
3490500000	          -0.2164993	           0.1776505	          -0.4771423	          -0.5165405	          -0.4858093	          -0.5232239	           -0.219635	           0.1658173
3497000000	           -0.215065	           0.1775818	           -0.480011	          -0.5141296	           -0.488678	          -0.5205994	          -0.2179337	           0.1652527
3503500000	          -0.2136078	           0.1774902	          -0.4828796	          -0.5116882	          -0.4915466	          -0.5178833	          -0.2162247	           0.1646652
3510000000	          -0.2121277	           0.1774139	          -0.4857178	          -0.5092773	          -0.4943848	          -0.5152893	          -0.2145386	           0.1640625
3516500000	          -0.2106476	           0.1773605	          -0.4885254	          -0.5068054	          -0.4971619	          -0.5126038	          -0.2128525	           0.1634369
3523000000	          -0.2091293	           0.1773071	          -0.4913635	           -0.504364	          -0.4999695	          -0.5099182	          -0.2111969	           0.1628265
3529500000	          -0.2075882	           0.1772614	          -0.4941406	          -0.5018616	          -0.5026855	          -0.5072021	          -0.2095261	           0.1621704
3536000000	          -0.2060013	           0.1771774	          -0.4969177	          -0.4993591	          -0.5054016	          -0.5045166	          -0.2078552	           0.1614914
3542500000	          -0.2044067	           0.1771164	          -0.4996948	          -0.4968872	          -0.5080872	          -0.5018005	          -0.2062225	             0.16082
3549000000	          -0.2027664	           0.1770248	          -0.5023804	          -0.4942627	          -0.5107117	          -0.4990234	           -0.204567	           0.1600952
3555500000	          -0.2011337	           0.1769409	           -0.505127	          -0.4917297	          -0.5133667	          -0.4963684	          -0.2029419	           0.1593857
3562000000	          -0.1994324	           0.1768265	          -0.5078125	          -0.4891663	          -0.5159607	          -0.4936523	          -0.2013092	            0.158638
3568500000	          -0.1977158	           0.1766968	          -0.5104675	          -0.4865417	          -0.5185242	          -0.4909058	          -0.1996918	           0.1578674
3575000000	          -0.1959915	           0.1765366	          -0.5131226	          -0.4839172	          -0.5210571	          -0.4881592	          -0.1980896	           0.1571045
3581500000	          -0.1942291	           0.1763535	           -0.515686	          -0.4812622	          -0.5235291	          -0.4853821	          -0.1964798	            0.156311
3588000000	           -0.192421	           0.1761551	            -0.51828	          -0.4786072	          -0.5260315	          -0.4826355	          -0.1948853	           0.1555099
3594500000	          -0.1906128	           0.1759262	           -0.520874	          -0.4759521	          -0.5285034	          -0.4799194	           -0.193306	           0.1546936
3601000000	          -0.1887589	           0.1756668	          -0.5233765	          -0.4732056	          -0.5309143	          -0.4771118	          -0.1917267	           0.1538544
3607500000	          -0.1869431	           0.1753693	          -0.5259094	           -0.470459	          -0.5333557	          -0.4743347	          -0.1901779	           0.1530228
3614000000	           -0.185051	           0.1750336	          -0.5284119	          -0.4677124	          -0.5357971	          -0.4715576	          -0.1886292	           0.1521759
3620500000	          -0.1831818	           0.1746826	          -0.5308838	          -0.4649658	           -0.538208	          -0.4687805	          -0.1870956	           0.1513138
3627000000	          -0.1812744	           0.1742859	          -0.5333557	          -0.4621277	          -0.5405579	          -0.4659729	          -0.1855698	           0.1504745
3633500000	          -0.1793747	           0.1738739	          -0.5357666	          -0.4592896	          -0.5429382	          -0.4631042	          -0.1840591	           0.1496277
3640000000	          -0.1774368	           0.1733932	          -0.5381775	          -0.4564209	          -0.5453186	          -0.4602661	          -0.1825485	           0.1487427
3646500000	          -0.1755219	           0.1728821	          -0.5405884	          -0.4535217	           -0.547699	          -0.4573975	          -0.1810608	           0.1478806
3653000000	           -0.173584	            0.172348	          -0.5429382	          -0.4506226	          -0.5500488	          -0.4544983	          -0.1795731	           0.1470261
3659500000	           -0.171669	           0.1717987	          -0.5452881	          -0.4476013	          -0.5523987	          -0.4515686	           -0.178093	           0.1461639
3666000000	          -0.1697159	           0.1711731	          -0.5476379	          -0.4446106	          -0.5547791	          -0.4486084	          -0.1766281	           0.1453247
3672500000	          -0.1678238	           0.1705399	          -0.5500183	          -0.4415588	          -0.5570984	          -0.4455872	          -0.1751709	           0.1444626
3679000000	          -0.1659241	           0.1698685	          -0.5523987	          -0.4384766	          -0.5595703	           -0.442627	          -0.1737289	           0.1436615
3685500000	          -0.1640244	           0.1691742	           -0.554718	          -0.4353333	          -0.5619202	          -0.4394836	          -0.1723175	           0.1428452
3692000000	          -0.1621399	           0.1684647	          -0.5570679	          -0.4322205	          -0.5643921	          -0.4363708	          -0.1709061	           0.1420364
3698500000	          -0.1602707	            0.167717	          -0.5594177	          -0.4290161	          -0.5668335	          -0.4332275	          -0.1694794	            0.141243
3705000000	           -0.158432	           0.1669388	          -0.5617065	          -0.4257202	          -0.5692749	          -0.4299622	          -0.1680984	           0.1404953
3711500000	           -0.156601	           0.1661453	          -0.5640869	          -0.4223633	          -0.5717773	          -0.4266357	          -0.1666946	             0.13974
3718000000	          -0.1547852	           0.1653366	          -0.5664978	          -0.4190674	          -0.5743408	          -0.4233093	          -0.1653214	           0.1390228
3724500000	          -0.1530228	           0.1645355	          -0.5688171	          -0.4156799	          -0.5768738	          -0.4198914	          -0.1639481	           0.1383286
3731000000	          -0.1512604	            0.163681	           -0.571228	          -0.4121094	          -0.5793762	          -0.4163513	          -0.1625671	           0.1376648
3737500000	          -0.1495361	           0.1628723	          -0.5735779	          -0.4085693	          -0.5819397	          -0.4127502	          -0.1612091	           0.1370239
3744000000	           -0.147789	           0.1620026	          -0.5760498	          -0.4049072	          -0.5845947	          -0.4091797	          -0.1598282	           0.1363678
3750500000	          -0.1461639	            0.161171	          -0.5784607	          -0.4013062	          -0.5872498	          -0.4053955	           -0.158493	           0.1357574
3757000000	          -0.1444855	           0.1603165	          -0.5809326	          -0.3974915	          -0.5898743	          -0.4015503	          -0.1571426	           0.1352234
3763500000	          -0.1428909	           0.1594849	           -0.583374	          -0.3937073	          -0.5925903	          -0.3976135	          -0.1557693	           0.1346817
3770000000	           -0.141304	            0.158638	           -0.585907	          -0.3898315	          -0.5953674	          -0.3936768	          -0.1544189	           0.1341934
3776500000	          -0.1397629	           0.1578293	          -0.5883789	          -0.3860168	           -0.598114	          -0.3895874	          -0.1531067	            0.133667
3783000000	          -0.1382446	           0.1569443	          -0.5909119	          -0.3818359	          -0.6007385	          -0.3854065	          -0.1517563	           0.1331863
3789500000	          -0.1367493	           0.1561584	          -0.5933533	          -0.3777771	          -0.6034851	           -0.381073	          -0.1503983	           0.1327896
3796000000	          -0.1352539	            0.155365	          -0.5959473	          -0.3736877	          -0.6063538	          -0.3768616	          -0.1490402	           0.1323624
3802500000	          -0.1338882	           0.1545486	          -0.5984802	          -0.3695068	          -0.6090698	          -0.3723755	          -0.1476898	           0.1319809
3809000000	          -0.1324539	           0.1537323	          -0.6010437	          -0.3651428	          -0.6117249	          -0.3677979	          -0.1463394	           0.1315994
3815500000	          -0.1310654	           0.1529465	          -0.6035156	          -0.3608398	          -0.6145325	          -0.3630371	          -0.1450043	           0.1312332
3822000000	          -0.1296692	           0.1521378	          -0.6061401	          -0.3564453	          -0.6173096	          -0.3583374	          -0.1436081	           0.1308746
3828500000	          -0.1284409	           0.1513748	           -0.608551	          -0.3519592	          -0.6200562	          -0.3535767	          -0.1422272	           0.1305008
3835000000	          -0.1270752	           0.1505356	          -0.6110229	          -0.3474426	          -0.6225586	          -0.3486328	          -0.1408157	           0.1301193
3841500000	          -0.1258392	           0.1498108	          -0.6135254	           -0.342865	          -0.6252441	          -0.3437805	          -0.1394272	           0.1298752
3848000000	          -0.1246185	           0.1490326	          -0.6160278	          -0.3383179	          -0.6278076	          -0.3388672	           -0.138092	           0.1294937
3854500000	          -0.1234512	           0.1482544	          -0.6183472	          -0.3338928	          -0.6302185	          -0.3337402	          -0.1367645	           0.1290588
3861000000	          -0.1222229	           0.1473389	          -0.6207886	          -0.3291626	          -0.6325989	          -0.3286743	          -0.1352921	           0.1287231
3867500000	          -0.1210632	           0.1465988	          -0.6227722	          -0.3244324	          -0.6347961	          -0.3236084	          -0.1338425	            0.128273
3874000000	          -0.1199417	           0.1456909	          -0.6251831	          -0.3199158	          -0.6372375	          -0.3184204	          -0.1323547	           0.1277771
3880500000	          -0.1189651	           0.1448746	          -0.6271667	          -0.3153687	          -0.6392212	           -0.313324	          -0.1310196	           0.1271896
3887000000	           -0.117836	           0.1436462	          -0.6290588	          -0.3104858	          -0.6408386	           -0.308197	          -0.1294556	           0.1265869
3893500000	          -0.1168671	            0.142662	          -0.6307068	          -0.3062439	          -0.6422729	          -0.3031311	          -0.1279297	           0.1259155
3900000000	          -0.1157684	           0.1415405	          -0.6325378	          -0.3022766	          -0.6443787	          -0.2984619	          -0.1265259	           0.1251907
