! 
! FILENAME MUT_20mm_TGW
# Hz S RI R 50
2600000000	          -0.7467651	          -0.1641541	          -0.1317825	           0.2314606	          -0.1347122	           0.2280121	          -0.7806396	          -0.1828918
2606500000	            -0.74823	          -0.1616821	          -0.1292267	           0.2326965	           -0.132576	           0.2294235	          -0.7804565	          -0.1809692
2613000000	          -0.7495117	          -0.1586914	          -0.1266479	           0.2340164	          -0.1303635	           0.2308197	          -0.7807922	          -0.1785889
2619500000	           -0.750885	          -0.1550903	          -0.1240158	           0.2352066	          -0.1281052	           0.2321396	          -0.7807617	          -0.1761475
2626000000	          -0.7524719	          -0.1513977	          -0.1213379	           0.2365799	          -0.1258087	            0.233696	          -0.7814941	          -0.1731262
2632500000	            -0.75354	          -0.1472473	          -0.1186829	           0.2377014	          -0.1234436	           0.2349854	          -0.7814941	          -0.1700134
2639000000	          -0.7544861	          -0.1430664	          -0.1159821	           0.2388382	          -0.1210098	           0.2362976	          -0.7816772	          -0.1668701
2645500000	          -0.7553101	          -0.1387939	           -0.113327	           0.2398758	          -0.1186523	           0.2375183	          -0.7816772	          -0.1636658
2652000000	          -0.7564087	          -0.1343689	          -0.1106567	           0.2410583	          -0.1162186	           0.2388535	           -0.782135	          -0.1604614
2658500000	          -0.7572021	          -0.1300049	          -0.1080399	           0.2420349	          -0.1138153	           0.2400513	          -0.7822876	          -0.1573486
2665000000	           -0.757843	          -0.1256409	          -0.1054688	           0.2429504	          -0.1114197	           0.2411499	          -0.7823792	          -0.1541748
2671500000	          -0.7583313	          -0.1213074	          -0.1028976	           0.2438278	          -0.1090851	           0.2422333	          -0.7825317	          -0.1512756
2678000000	          -0.7591248	          -0.1170044	          -0.1004105	            0.244812	          -0.1067429	           0.2434158	            -0.78302	          -0.1484985
2684500000	          -0.7595215	          -0.1127319	          -0.0979767	           0.2456207	           -0.104454	           0.2444458	          -0.7832336	          -0.1457214
2691000000	          -0.7597961	          -0.1087341	          -0.0955353	           0.2464218	          -0.1021423	           0.2454147	          -0.7833557	          -0.1431274
2697500000	          -0.7601624	          -0.1046448	          -0.0932541	           0.2471924	          -0.0999603	            0.246376	          -0.7838135	          -0.1407166
2704000000	          -0.7605286	          -0.1007996	          -0.0909271	           0.2479706	          -0.0977554	           0.2473907	          -0.7842407	          -0.1385193
2710500000	          -0.7607422	          -0.0970764	          -0.0886993	           0.2487259	          -0.0956268	           0.2483215	          -0.7847595	          -0.1363831
2717000000	          -0.7609558	          -0.0935669	           -0.086525	           0.2494659	          -0.0935364	           0.2492371	          -0.7853699	          -0.1343689
2723500000	          -0.7611389	          -0.0901184	          -0.0843964	           0.2501678	          -0.0914764	           0.2501221	          -0.7859192	          -0.1325684
2730000000	          -0.7613525	           -0.086792	          -0.0823212	           0.2509155	          -0.0894623	           0.2510223	          -0.7867737	           -0.131012
2736500000	          -0.7614746	          -0.0836487	          -0.0803375	           0.2516174	          -0.0875244	           0.2519226	          -0.7875671	           -0.129364
2743000000	          -0.7614136	           -0.080658	          -0.0783539	           0.2522888	          -0.0856018	           0.2527313	          -0.7883911	          -0.1279297
2749500000	          -0.7615051	          -0.0777893	          -0.0764771	           0.2529907	          -0.0837708	           0.2536011	          -0.7893982	          -0.1266479
2756000000	          -0.7616272	          -0.0751038	          -0.0746002	           0.2537384	          -0.0819244	           0.2544708	          -0.7905884	          -0.1254272
2762500000	          -0.7616577	          -0.0725403	          -0.0727997	           0.2544403	          -0.0801239	           0.2553253	           -0.791687	          -0.1242981
2769000000	          -0.7616577	          -0.0701599	          -0.0710297	           0.2551727	          -0.0783844	           0.2561951	          -0.7929993	          -0.1231995
2775500000	          -0.7615662	          -0.0678101	          -0.0692902	           0.2558899	          -0.0766754	            0.257019	          -0.7943115	          -0.1222534
2782000000	          -0.7616272	          -0.0656433	          -0.0675812	           0.2566681	          -0.0749664	           0.2579041	          -0.7958069	          -0.1213074
2788500000	          -0.7615967	          -0.0635986	           -0.065918	           0.2574158	          -0.0733337	           0.2587738	          -0.7972717	          -0.1203003
2795000000	          -0.7615662	           -0.061676	          -0.0642395	           0.2582397	          -0.0716858	           0.2596588	          -0.7988281	          -0.1193542
2801500000	          -0.7614441	          -0.0597839	          -0.0626221	           0.2590027	          -0.0700684	           0.2605286	          -0.8003845	          -0.1183777
2808000000	          -0.7614136	          -0.0581055	          -0.0609741	           0.2598724	          -0.0684357	           0.2614746	          -0.8020935	          -0.1174316
2814500000	           -0.761322	           -0.056427	          -0.0593414	           0.2606964	          -0.0668488	           0.2623596	          -0.8037415	           -0.116394
2821000000	           -0.761261	          -0.0548096	           -0.057724	           0.2615662	          -0.0652466	           0.2633057	          -0.8054504	          -0.1152954
2827500000	          -0.7611389	          -0.0533142	          -0.0561066	           0.2624359	          -0.0636444	           0.2642517	          -0.8071594	          -0.1141052
2834000000	          -0.7611084	          -0.0517883	          -0.0544434	           0.2633667	           -0.062027	           0.2652283	          -0.8088989	           -0.112915
2840500000	          -0.7608948	           -0.050354	          -0.0527954	            0.264267	          -0.0604095	           0.2661896	          -0.8105469	          -0.1115723
2847000000	          -0.7607422	          -0.0489807	          -0.0511169	           0.2651825	          -0.0587769	           0.2671661	          -0.8121338	          -0.1101074
2853500000	          -0.7605896	          -0.0476379	          -0.0494385	           0.2661438	          -0.0571289	           0.2681427	          -0.8137817	          -0.1085815
2860000000	          -0.7604065	          -0.0463257	          -0.0476837	           0.2670898	          -0.0554352	           0.2691498	          -0.8153076	          -0.1069641
2866500000	          -0.7601624	          -0.0449524	          -0.0459137	           0.2680206	          -0.0537415	           0.2701263	          -0.8167419	          -0.1051636
2873000000	          -0.7599182	          -0.0437012	          -0.0441132	           0.2689972	          -0.0520172	           0.2711639	          -0.8181458	          -0.1032715
2879500000	           -0.759613	          -0.0423584	          -0.0422821	            0.269928	          -0.0502319	           0.2721405	          -0.8193054	          -0.1012268
2886000000	          -0.7593384	          -0.0410461	            -0.04039	           0.2709045	          -0.0484161	           0.2731476	          -0.8204956	          -0.0991516
2892500000	          -0.7589111	          -0.0397339	          -0.0384674	           0.2718048	          -0.0465851	           0.2741394	          -0.8214417	          -0.0968628
2899000000	          -0.7584534	          -0.0383911	          -0.0364838	           0.2727356	           -0.044693	            0.275116	          -0.8222656	          -0.0945129
2905500000	          -0.7579346	          -0.0370483	          -0.0344849	           0.2736206	          -0.0427704	           0.2760773	           -0.822876	          -0.0920105
2912000000	          -0.7575073	          -0.0357056	          -0.0324097	           0.2745361	          -0.0407715	           0.2770691	          -0.8235168	           -0.089447
2918500000	          -0.7569275	          -0.0343323	          -0.0302887	           0.2753906	          -0.0387573	           0.2779999	           -0.823822	          -0.0868225
2925000000	          -0.7563782	          -0.0329285	          -0.0281372	           0.2762604	          -0.0366821	           0.2789612	          -0.8240356	          -0.0840454
2931500000	          -0.7556763	          -0.0315247	          -0.0259247	           0.2770538	          -0.0345764	           0.2798309	          -0.8240051	          -0.0812683
2938000000	          -0.7549744	          -0.0300598	          -0.0236664	           0.2778473	          -0.0324097	           0.2807312	          -0.8238831	          -0.0783997
2944500000	          -0.7542419	          -0.0285645	          -0.0213776	            0.278595	          -0.0302124	           0.2816162	          -0.8235168	          -0.0754395
2951000000	           -0.753418	          -0.0270996	           -0.019043	           0.2793121	          -0.0279541	           0.2824402	           -0.822998	          -0.0724792
2957500000	          -0.7525635	          -0.0255737	          -0.0166931	           0.2799683	          -0.0256958	           0.2832336	          -0.8222351	          -0.0694885
2964000000	           -0.751709	          -0.0240784	          -0.0142822	           0.2806244	          -0.0233459	           0.2840271	          -0.8214111	          -0.0664978
2970500000	          -0.7507324	          -0.0224915	          -0.0118256	           0.2812347	          -0.0209808	           0.2847748	          -0.8203735	           -0.063446
2977000000	          -0.7497253	          -0.0209656	          -0.0093536	           0.2817688	          -0.0185852	           0.2854919	          -0.8191223	          -0.0604858
2983500000	          -0.7487183	          -0.0193481	          -0.0068665	           0.2822876	          -0.0161438	           0.2861633	           -0.817749	          -0.0574951
2990000000	          -0.7476501	          -0.0177307	          -0.0043335	           0.2827759	          -0.0136566	           0.2868195	          -0.8162231	          -0.0545654
2996500000	          -0.7464905	          -0.0161438	          -0.0018005	           0.2831879	          -0.0111694	           0.2874451	          -0.8145447	          -0.0516357
3003000000	          -0.7453003	          -0.0145264	           0.0007629	           0.2835693	          -0.0086517	           0.2880096	          -0.8127136	          -0.0487976
3009500000	          -0.7441101	          -0.0129089	           0.0033264	            0.283905	          -0.0061035	           0.2885437	           -0.810791	          -0.0459595
3016000000	          -0.7429199	           -0.011261	           0.0059357	           0.2842255	          -0.0034943	           0.2890625	          -0.8087463	          -0.0432434
3022500000	          -0.7416077	          -0.0096436	           0.0085449	           0.2844849	           -0.000885	           0.2895508	          -0.8065491	          -0.0406189
3029000000	          -0.7402954	          -0.0079956	           0.0111542	           0.2846832	           0.0017395	            0.289978	          -0.8042908	          -0.0380249
3035500000	          -0.7389221	          -0.0063171	           0.0137634	           0.2848663	            0.004364	           0.2903595	          -0.8018799	          -0.0355225
3042000000	          -0.7375793	          -0.0046692	           0.0163727	           0.2850037	           0.0070343	            0.290741	          -0.7995605	          -0.0331116
3048500000	          -0.7361145	          -0.0030518	           0.0189972	           0.2851105	           0.0097046	           0.2910767	          -0.7969666	          -0.0307312
3055000000	          -0.7346802	          -0.0014038	           0.0216217	            0.285202	           0.0123901	           0.2913818	          -0.7944641	          -0.0285339
3061500000	          -0.7331848	           0.0002441	           0.0242157	           0.2852325	           0.0150909	           0.2916565	          -0.7918396	          -0.0263672
3068000000	          -0.7316895	           0.0018921	           0.0268402	           0.2852478	            0.017807	           0.2919006	          -0.7892456	          -0.0243225
3074500000	          -0.7301331	           0.0035095	           0.0294495	           0.2852631	           0.0205383	           0.2921143	          -0.7866211	          -0.0223083
3081000000	          -0.7286072	            0.005127	           0.0320282	           0.2852325	           0.0232391	           0.2923126	           -0.783905	          -0.0204163
3087500000	          -0.7269592	           0.0067444	           0.0346375	           0.2851563	           0.0259857	             0.29245	          -0.7812195	          -0.0185852
3094000000	          -0.7254333	           0.0083313	           0.0372314	           0.2850952	           0.0287323	           0.2926025	           -0.778595	          -0.0169067
3100500000	          -0.7237549	           0.0099487	           0.0398102	           0.2849884	           0.0314941	           0.2926941	          -0.7758789	          -0.0152283
3107000000	          -0.7220764	           0.0115051	           0.0423737	           0.2848663	           0.0342407	           0.2927704	          -0.7731323	          -0.0136719
3113500000	          -0.7203979	           0.0131226	           0.0449524	           0.2847595	           0.0370178	           0.2928314	          -0.7705078	           -0.012146
3120000000	           -0.718689	            0.014679	           0.0475311	           0.2846069	           0.0397949	           0.2928772	          -0.7678223	          -0.0107422
3126500000	          -0.7169495	           0.0162354	           0.0500946	           0.2844543	            0.042572	           0.2928772	          -0.7651672	          -0.0093384
3133000000	          -0.7151489	           0.0177612	           0.0526581	           0.2842865	           0.0453491	           0.2928772	          -0.7625732	          -0.0079651
3139500000	          -0.7133179	           0.0192871	           0.0552216	           0.2840881	           0.0481567	           0.2928314	          -0.7599182	          -0.0067139
3146000000	          -0.7115784	           0.0207825	           0.0578003	           0.2839355	           0.0509644	           0.2928009	          -0.7574158	          -0.0054932
3152500000	          -0.7096252	           0.0223083	           0.0603638	           0.2837219	            0.053772	           0.2927094	          -0.7547913	          -0.0042419
3159000000	          -0.7077637	           0.0237732	           0.0629425	           0.2835236	           0.0565948	           0.2926178	          -0.7522278	          -0.0031128
3165500000	          -0.7058716	            0.025238	           0.0655212	           0.2833405	           0.0594177	            0.292511	          -0.7497864	          -0.0019836
3172000000	          -0.7038879	           0.0266418	           0.0681152	           0.2831116	           0.0622711	           0.2923584	          -0.7472534	           -0.000885
3178500000	          -0.7019653	           0.0280762	           0.0707092	           0.2828979	           0.0651398	           0.2922211	           -0.744873	           0.0002136
3185000000	          -0.6999817	           0.0294495	           0.0733032	           0.2826691	           0.0679932	            0.292038	          -0.7423706	           0.0013123
3191500000	           -0.697937	           0.0308533	            0.075943	           0.2824249	           0.0708771	           0.2918243	          -0.7399597	           0.0023499
3198000000	          -0.6958923	           0.0321655	           0.0785828	            0.282196	           0.0737762	           0.2916107	          -0.7375793	           0.0033569
3204500000	          -0.6937866	           0.0334778	           0.0812378	           0.2819366	           0.0766754	           0.2913513	          -0.7351685	           0.0043945
3211000000	          -0.6916809	           0.0347595	           0.0839081	           0.2816925	           0.0796051	           0.2910919	          -0.7327576	           0.0054016
3217500000	          -0.6895447	           0.0360413	           0.0865936	           0.2814026	           0.0825348	           0.2907867	          -0.7304077	           0.0064087
3224000000	          -0.6874084	           0.0372314	            0.089325	           0.2811279	           0.0855103	           0.2904663	          -0.7280273	           0.0074158
3230500000	          -0.6851807	           0.0384216	           0.0920715	           0.2808228	           0.0884705	           0.2901154	           -0.725647	           0.0083618
3237000000	          -0.6829834	           0.0395813	           0.0948486	           0.2805023	           0.0914459	           0.2897339	          -0.7232971	           0.0093689
3243500000	          -0.6807556	           0.0406494	            0.097641	           0.2801666	           0.0944519	           0.2893372	          -0.7209778	           0.0103455
3250000000	          -0.6785278	           0.0417175	           0.1004791	           0.2798309	           0.0974884	           0.2889099	          -0.7186584	           0.0112915
3256500000	          -0.6762085	           0.0427246	           0.1033173	           0.2794342	           0.1004944	           0.2884369	           -0.716217	           0.0122681
3263000000	          -0.6738892	           0.0437012	           0.1062012	           0.2790222	           0.1035461	           0.2879333	          -0.7138367	           0.0132141
3269500000	          -0.6716003	           0.0446472	           0.1091156	           0.2786102	           0.1065979	           0.2873993	          -0.7114563	           0.0141602
3276000000	          -0.6692505	           0.0455017	           0.1120453	           0.2781372	           0.1096802	           0.2868347	          -0.7090454	           0.0150452
3282500000	          -0.6668701	           0.0463562	           0.1150208	           0.2776337	           0.1127777	           0.2862396	           -0.706665	           0.0159607
3289000000	          -0.6645508	           0.0471191	           0.1179962	           0.2771149	           0.1158752	           0.2855988	          -0.7042236	           0.0168457
3295500000	          -0.6622009	           0.0478821	           0.1210327	           0.2765503	            0.118988	           0.2849426	          -0.7018127	           0.0177612
3302000000	          -0.6598511	           0.0485229	           0.1240845	           0.2759552	           0.1221161	           0.2842102	          -0.6994019	           0.0185852
3308500000	          -0.6574707	           0.0491638	           0.1271515	           0.2753143	           0.1252441	           0.2834778	          -0.6969299	           0.0194092
3315000000	          -0.6551208	           0.0497742	            0.130249	           0.2746429	           0.1284027	           0.2826843	           -0.694458	           0.0201721
3321500000	           -0.652832	            0.050293	           0.1333923	           0.2739105	           0.1315765	           0.2818756	          -0.6920166	           0.0209656
3328000000	          -0.6504822	           0.0508118	           0.1365662	           0.2731323	           0.1347656	           0.2810059	          -0.6895752	           0.0217285
3334500000	          -0.6481628	           0.0512085	           0.1397247	           0.2722931	           0.1379395	           0.2800903	          -0.6870117	           0.0224304
3341000000	          -0.6458435	           0.0516052	           0.1429138	           0.2714081	           0.1411285	            0.279129	          -0.6845093	           0.0231323
3347500000	          -0.6435547	           0.0519714	           0.1461487	            0.270462	           0.1443481	           0.2781219	          -0.6820374	           0.0238037
3354000000	          -0.6412659	           0.0522156	           0.1493835	           0.2694702	           0.1475525	           0.2770844	          -0.6795044	           0.0244141
3360500000	          -0.6390381	           0.0524902	           0.1526337	           0.2684174	           0.1507874	            0.276001	          -0.6770325	           0.0249939
3367000000	          -0.6368408	           0.0527039	            0.155899	           0.2673187	            0.154007	           0.2748566	          -0.6744385	           0.0255432
3373500000	           -0.634613	            0.052887	           0.1591644	           0.2661591	           0.1572571	           0.2736969	           -0.671936	            0.026062
3380000000	          -0.6324768	           0.0530396	           0.1624451	           0.2649231	           0.1604919	           0.2724762	          -0.6694336	           0.0265198
3386500000	          -0.6303406	           0.0531311	           0.1657257	           0.2636414	           0.1637268	           0.2711945	          -0.6669006	           0.0269775
3393000000	          -0.6282349	           0.0532227	           0.1690063	           0.2622833	           0.1669617	           0.2698822	          -0.6643677	           0.0273438
3399500000	          -0.6261902	           0.0532837	            0.172287	            0.260849	           0.1701965	           0.2685089	          -0.6618652	             0.02771
3406000000	           -0.624115	           0.0532837	           0.1755829	           0.2593689	           0.1734467	           0.2671051	          -0.6593323	           0.0280457
3412500000	          -0.6222229	           0.0532837	           0.1788635	            0.257843	           0.1766968	           0.2656555	          -0.6568604	           0.0282898
3419000000	          -0.6201477	           0.0532532	           0.1821136	           0.2562103	           0.1799164	           0.2641296	          -0.6542969	           0.0285034
3425500000	          -0.6182251	           0.0532227	            0.185379	           0.2545471	           0.1831665	            0.262558	          -0.6517944	           0.0287476
3432000000	           -0.616333	           0.0531311	           0.1886139	           0.2527924	           0.1864014	           0.2609406	           -0.649292	           0.0288696
3438500000	          -0.6144714	           0.0530701	           0.1918488	           0.2509918	            0.189621	           0.2592773	          -0.6467896	           0.0289917
3445000000	          -0.6125793	            0.053009	           0.1950302	           0.2491226	           0.1928253	           0.2575684	          -0.6442261	           0.0289917
3451500000	          -0.6108093	           0.0529175	           0.1982117	           0.2472153	           0.1960449	           0.2558136	          -0.6417847	           0.0289917
3458000000	          -0.6090088	           0.0527954	           0.2013626	           0.2452164	            0.199234	           0.2539978	          -0.6392822	           0.0289917
3464500000	          -0.6072388	           0.0526733	            0.204483	           0.2431793	           0.2024231	           0.2521515	          -0.6368103	           0.0289001
3471000000	          -0.6054077	           0.0525208	           0.2075424	            0.241066	           0.2055817	           0.2502136	          -0.6342163	           0.0287781
3477500000	          -0.6036987	           0.0523987	           0.2106018	           0.2389297	           0.2087326	           0.2482605	          -0.6317749	           0.0285645
3484000000	          -0.6019287	           0.0522461	           0.2136002	           0.2367172	           0.2118607	           0.2462463	          -0.6292725	           0.0283203
3490500000	          -0.6001892	           0.0520935	            0.216568	           0.2344513	           0.2149734	           0.2441864	            -0.62677	           0.0280457
3497000000	          -0.5984497	           0.0519104	           0.2195053	           0.2321548	            0.218071	           0.2420883	          -0.6242371	           0.0276794
3503500000	          -0.5967407	           0.0517578	           0.2223969	           0.2298203	           0.2211456	           0.2399292	          -0.6217651	           0.0273132
3510000000	          -0.5950012	           0.0515442	           0.2252274	           0.2274323	            0.224205	           0.2377396	          -0.6192627	            0.026825
3516500000	          -0.5932922	           0.0513611	            0.228035	           0.2250137	           0.2272339	           0.2354889	          -0.6167908	           0.0263062
3523000000	          -0.5914917	           0.0511475	           0.2307663	           0.2225418	           0.2302246	           0.2331924	          -0.6142273	           0.0257263
3529500000	          -0.5897522	           0.0509033	           0.2335052	           0.2200546	           0.2332153	           0.2308655	          -0.6117859	           0.0250854
3536000000	          -0.5878906	           0.0506287	           0.2361298	           0.2174988	           0.2361298	            0.228447	          -0.6091919	           0.0243225
3542500000	          -0.5860901	           0.0503235	           0.2387314	           0.2149429	           0.2390366	           0.2260208	          -0.6066895	           0.0235596
3549000000	           -0.584259	           0.0499878	           0.2412796	           0.2123413	           0.2419281	           0.2235336	          -0.6041565	           0.0227051
3555500000	          -0.5823364	           0.0496521	           0.2437668	           0.2097168	            0.244751	           0.2210007	           -0.601593	           0.0217896
3562000000	          -0.5804749	           0.0492554	           0.2462234	            0.207077	           0.2475586	           0.2184525	          -0.5991211	            0.020813
3568500000	          -0.5785522	           0.0488281	           0.2486343	            0.204422	           0.2503204	           0.2158356	          -0.5965576	           0.0197449
3575000000	          -0.5765381	           0.0483398	           0.2509918	           0.2017365	           0.2530518	           0.2131805	          -0.5940247	           0.0186157
3581500000	          -0.5746155	           0.0478516	           0.2533264	           0.1990356	           0.2557678	            0.210495	          -0.5915527	           0.0174866
3588000000	          -0.5725403	           0.0472717	           0.2555542	           0.1963043	           0.2584076	           0.2077332	          -0.5889893	           0.0161743
3594500000	          -0.5704651	           0.0466614	            0.257782	           0.1935577	           0.2610168	           0.2049561	          -0.5864563	           0.0148315
3601000000	          -0.5683899	             0.04599	           0.2599792	           0.1908112	           0.2635956	           0.2021179	          -0.5839844	           0.0134583
3607500000	          -0.5662842	           0.0452881	           0.2621307	           0.1880341	           0.2661438	           0.1992798	           -0.581543	           0.0120239
3614000000	           -0.564209	           0.0444946	           0.2642517	           0.1852722	           0.2686615	           0.1963806	          -0.5791626	           0.0105286
3620500000	          -0.5620728	           0.0436401	           0.2663116	           0.1824493	           0.2710876	           0.1934052	          -0.5767212	           0.0089722
3627000000	          -0.5598755	           0.0427856	           0.2683411	           0.1796265	           0.2734833	           0.1904297	          -0.5742798	           0.0073242
3633500000	          -0.5577393	           0.0418396	           0.2703552	           0.1767883	           0.2758789	           0.1873779	          -0.5719604	           0.0057373
3640000000	          -0.5555725	           0.0408325	           0.2723389	           0.1739349	           0.2782135	           0.1843109	          -0.5696411	           0.0040283
3646500000	          -0.5534363	           0.0398254	           0.2743073	           0.1710663	           0.2805023	           0.1811829	          -0.5674133	           0.0023193
3653000000	           -0.551239	           0.0386963	           0.2762146	           0.1681366	           0.2827301	            0.178009	           -0.565155	           0.0005798
3659500000	          -0.5491333	           0.0375977	           0.2781372	           0.1652222	           0.2849731	           0.1748047	          -0.5630188	          -0.0011292
3666000000	          -0.5470276	           0.0364075	            0.280014	            0.162262	           0.2871399	           0.1715546	          -0.5609131	          -0.0028992
3672500000	          -0.5449829	           0.0352173	           0.2818756	            0.159256	           0.2892609	           0.1682434	          -0.5589294	          -0.0046387
3679000000	          -0.5429077	           0.0339966	           0.2837219	           0.1562195	           0.2913513	           0.1648712	          -0.5569458	          -0.0064087
3685500000	          -0.5409241	           0.0327454	            0.285553	           0.1531677	           0.2933655	           0.1614685	          -0.5550842	          -0.0081177
3692000000	          -0.5390015	           0.0314636	           0.2873688	           0.1500244	           0.2953796	           0.1580048	          -0.5532227	          -0.0098267
3698500000	          -0.5370789	           0.0302429	           0.2891541	           0.1468964	           0.2973328	           0.1544952	          -0.5515442	          -0.0114441
3705000000	          -0.5352478	           0.0289307	           0.2909393	           0.1436615	           0.2992554	           0.1509247	          -0.5498657	           -0.013092
3711500000	          -0.5335693	             0.02771	           0.2927094	           0.1404266	           0.3011627	           0.1473389	          -0.5483398	          -0.0145569
3718000000	          -0.5318604	           0.0264282	           0.2944641	           0.1371307	            0.303009	           0.1436462	           -0.546814	          -0.0160828
3724500000	          -0.5302734	           0.0252075	           0.2962036	           0.1337738	           0.3048096	           0.1399078	          -0.5455017	          -0.0174561
3731000000	          -0.5287781	           0.0240784	           0.2979431	           0.1303558	           0.3065796	           0.1361237	          -0.5441589	          -0.0188293
3737500000	          -0.5274353	           0.0229187	           0.2996674	           0.1268768	           0.3083344	           0.1322937	          -0.5430603	          -0.0199585
3744000000	          -0.5259705	           0.0218201	           0.3013153	           0.1233063	            0.309967	           0.1283417	          -0.5418396	          -0.0211792
3750500000	          -0.5247803	            0.020813	            0.302948	           0.1196899	           0.3115692	           0.1244202	           -0.540863	          -0.0221558
3757000000	          -0.5236511	           0.0198669	           0.3045807	           0.1159973	           0.3131409	           0.1203766	          -0.5398254	          -0.0231018
3763500000	           -0.522583	           0.0189819	           0.3061829	           0.1122284	           0.3146667	           0.1162872	          -0.5390625	          -0.0238342
3770000000	          -0.5215759	           0.0181274	            0.307724	           0.1084137	           0.3161316	           0.1121368	          -0.5382385	          -0.0245667
3776500000	          -0.5207825	           0.0174866	           0.3092957	           0.1045227	           0.3175812	           0.1079254	          -0.5376282	           -0.025116
3783000000	          -0.5200195	           0.0168152	            0.310791	           0.1005249	           0.3189545	            0.103653	          -0.5369263	          -0.0255737
3789500000	          -0.5193481	           0.0162048	           0.3122711	           0.0964661	           0.3202667	             0.09935	           -0.536438	          -0.0258484
3796000000	          -0.5187378	           0.0157471	           0.3136444	           0.0923462	           0.3215332	           0.0949402	          -0.5358887	           -0.026062
3802500000	          -0.5183105	           0.0153809	           0.3150177	           0.0881958	           0.3226776	           0.0905304	          -0.5354919	          -0.0261841
3809000000	          -0.5178528	           0.0150452	           0.3162842	           0.0838776	           0.3237762	           0.0860443	          -0.5350342	          -0.0262451
3815500000	          -0.5176086	           0.0149231	           0.3175659	           0.0795288	           0.3248749	           0.0815125	          -0.5349121	           -0.026001
3822000000	          -0.5173035	           0.0146484	           0.3187714	            0.075119	            0.325882	           0.0769348	          -0.5344849	          -0.0257568
3828500000	          -0.5171509	            0.014679	           0.3198547	           0.0707092	           0.3267365	           0.0723419	          -0.5343018	          -0.0255432
3835000000	          -0.5169067	           0.0145874	           0.3209076	           0.0661316	           0.3275604	           0.0676422	          -0.5339661	          -0.0252686
3841500000	          -0.5169983	           0.0145264	           0.3219757	           0.0615997	           0.3283997	           0.0630341	           -0.533905	          -0.0247192
3848000000	          -0.5168457	           0.0145874	           0.3227844	           0.0569305	           0.3289642	           0.0582428	          -0.5335083	           -0.024353
3854500000	          -0.5167847	           0.0146179	           0.3235626	           0.0522766	           0.3295288	           0.0535583	          -0.5333557	          -0.0239258
3861000000	          -0.5167847	           0.0145569	           0.3243103	           0.0475922	           0.3299561	           0.0487671	          -0.5328979	          -0.0235901
3867500000	          -0.5169067	           0.0145874	           0.3248749	           0.0428925	           0.3304138	           0.0440826	          -0.5328369	          -0.0231934
3874000000	          -0.5170288	           0.0142822	           0.3254547	           0.0381622	           0.3306732	           0.0394287	          -0.5322266	          -0.0230408
3880500000	          -0.5171509	            0.013855	           0.3258667	           0.0334625	           0.3308716	           0.0346985	          -0.5320129	          -0.0230103
3887000000	          -0.5171509	           0.0132141	           0.3261261	           0.0286713	           0.3309326	           0.0299988	          -0.5312195	          -0.0231934
3893500000	          -0.5174255	           0.0122681	           0.3263855	           0.0240479	           0.3309326	           0.0254517	          -0.5310364	          -0.0238037
3900000000	          -0.5172119	           0.0109253	           0.3263702	           0.0194092	           0.3305817	           0.0209503	          -0.5299377	          -0.0249023
