! 
! FILENAME MUT_20mm_NTG
# Hz S RI R 50
2600000000	          -0.7586975	          -0.1200867	          -0.1212921	           0.2331619	          -0.1231461	           0.2326279	          -0.7867126	          -0.1444397
2606500000	          -0.7597351	          -0.1155396	          -0.1197281	           0.2345428	           -0.121582	           0.2343521	          -0.7876282	          -0.1404724
2613000000	          -0.7605286	          -0.1150818	          -0.1183395	           0.2363205	          -0.1195602	           0.2357559	          -0.7877808	          -0.1412964
2619500000	          -0.7607422	          -0.1109314	          -0.1162338	           0.2377014	          -0.1175461	           0.2365417	          -0.7883301	          -0.1374817
2626000000	           -0.761261	          -0.1107483	          -0.1141891	           0.2389603	          -0.1159821	           0.2367554	          -0.7881775	          -0.1382446
2632500000	          -0.7611389	          -0.1068115	          -0.1123428	           0.2397995	          -0.1153717	           0.2373962	          -0.7883606	          -0.1349182
2639000000	          -0.7602844	          -0.1073914	          -0.1108932	           0.2412033	          -0.1146927	           0.2389603	          -0.7879028	          -0.1360474
2645500000	          -0.7603149	          -0.1036377	          -0.1091995	           0.2428436	          -0.1131592	           0.2412567	          -0.7879333	          -0.1330566
2652000000	          -0.7597656	          -0.1046448	           -0.106987	           0.2450333	          -0.1106949	           0.2434998	          -0.7873535	          -0.1347961
2658500000	          -0.7596741	           -0.101593	          -0.1040726	           0.2467117	          -0.1077576	           0.2447891	          -0.7879944	          -0.1325073
2665000000	          -0.7603149	          -0.1027222	          -0.1006317	           0.2479706	          -0.1045303	           0.2452621	          -0.7880249	          -0.1346741
2671500000	          -0.7613831	          -0.0993958	          -0.0977249	           0.2478333	          -0.1023407	           0.2453232	          -0.7889709	          -0.1320496
2678000000	          -0.7619934	          -0.1001892	          -0.0955963	           0.2475662	          -0.1009216	           0.2455139	          -0.7898254	           -0.133667
2684500000	          -0.7635193	          -0.0966797	          -0.0943604	            0.247818	          -0.0997314	           0.2463303	          -0.7910461	          -0.1305542
2691000000	          -0.7640686	          -0.0965271	          -0.0929871	           0.2490997	          -0.0980453	           0.2475815	          -0.7920532	          -0.1313782
2697500000	          -0.7651062	          -0.0925598	          -0.0910034	           0.2502899	          -0.0961456	           0.2485962	          -0.7932129	          -0.1277161
2704000000	          -0.7653503	          -0.0917969	          -0.0882568	           0.2514191	          -0.0942078	           0.2488556	          -0.7934265	          -0.1282959
2710500000	          -0.7657471	          -0.0872803	          -0.0859375	           0.2515106	          -0.0927658	           0.2489166	          -0.7938538	           -0.125061
2717000000	          -0.7644958	          -0.0873718	          -0.0839539	           0.2513428	          -0.0921478	           0.2492142	          -0.7931519	           -0.125824
2723500000	          -0.7645264	          -0.0834961	          -0.0832672	           0.2515411	          -0.0914154	           0.2504272	          -0.7936096	          -0.1228943
2730000000	          -0.7638245	           -0.083252	          -0.0821228	           0.2527618	           -0.090332	           0.2522888	          -0.7931213	          -0.1243286
2736500000	          -0.7637634	          -0.0799561	           -0.080719	           0.2543182	          -0.0885162	           0.2542114	          -0.7934265	          -0.1223145
2743000000	          -0.7633057	          -0.0805969	          -0.0781708	           0.2559052	          -0.0860748	           0.2554474	          -0.7931824	          -0.1247253
2749500000	          -0.7637634	          -0.0777893	          -0.0757141	           0.2565155	          -0.0840454	            0.256073	          -0.7939148	            -0.12323
2756000000	          -0.7634277	          -0.0789185	          -0.0733795	           0.2563934	          -0.0823364	           0.2562408	           -0.794342	           -0.125885
2762500000	          -0.7645264	           -0.076416	          -0.0722198	            0.256424	          -0.0810699	           0.2572327	          -0.7962952	          -0.1242065
2769000000	          -0.7647095	          -0.0771179	          -0.0708008	           0.2573547	          -0.0795135	           0.2584229	          -0.7979736	          -0.1262512
2775500000	          -0.7663574	          -0.0737305	          -0.0690918	           0.2587891	          -0.0776367	           0.2598877	          -0.8002014	           -0.124115
2782000000	          -0.7668152	          -0.0734558	          -0.0661774	           0.2595367	           -0.075119	           0.2607269	          -0.8017883	          -0.1254578
2788500000	          -0.7677002	          -0.0695496	           -0.063858	           0.2594452	          -0.0730743	           0.2612457	          -0.8038635	          -0.1222839
2795000000	            -0.76828	          -0.0684204	          -0.0619965	           0.2585602	          -0.0713654	            0.261322	          -0.8049011	          -0.1226501
2801500000	          -0.7687988	          -0.0639038	           -0.061615	           0.2583771	          -0.0699463	            0.261734	          -0.8058472	          -0.1192932
2808000000	          -0.7678833	          -0.0625916	          -0.0611115	           0.2588654	          -0.0682526	           0.2623596	          -0.8057251	          -0.1194763
2814500000	          -0.7676697	          -0.0579834	           -0.060257	           0.2602692	          -0.0666351	             0.26297	           -0.806366	          -0.1158142
2821000000	           -0.765686	          -0.0573425	          -0.0582733	           0.2613678	          -0.0648041	           0.2630463	           -0.805481	          -0.1159973
2827500000	          -0.7644958	          -0.0535278	          -0.0563965	           0.2623291	          -0.0637817	             0.26297	          -0.8055725	          -0.1131897
2834000000	          -0.7625122	           -0.053833	          -0.0544281	           0.2622681	          -0.0632172	           0.2631836	          -0.8045654	          -0.1140747
2840500000	             -0.7612	          -0.0509338	          -0.0534973	           0.2624817	          -0.0628357	           0.2646027	          -0.8045959	            -0.11203
2847000000	          -0.7591248	          -0.0518494	          -0.0529327	           0.2630768	          -0.0619354	           0.2666016	          -0.8044128	           -0.114502
2853500000	          -0.7584839	          -0.0498352	          -0.0523834	            0.264801	          -0.0601959	            0.268692	          -0.8058472	          -0.1136475
2860000000	          -0.7576294	          -0.0515747	          -0.0510101	           0.2667236	          -0.0577087	            0.270401	          -0.8075867	          -0.1166382
2866500000	          -0.7583008	          -0.0500793	          -0.0490112	           0.2689362	          -0.0553589	           0.2714081	          -0.8109131	          -0.1153564
2873000000	          -0.7592163	          -0.0516663	          -0.0463715	           0.2704468	          -0.0533142	           0.2720642	          -0.8143616	          -0.1170654
2879500000	           -0.761322	          -0.0489197	          -0.0439453	            0.271698	          -0.0517731	            0.273407	          -0.8182068	           -0.114502
2886000000	          -0.7634888	          -0.0487061	          -0.0414581	           0.2724152	          -0.0494537	           0.2752991	          -0.8222961	          -0.1137695
2892500000	          -0.7653198	          -0.0448303	          -0.0390778	           0.2733307	          -0.0464935	           0.2769012	          -0.8266907	          -0.1090698
2899000000	          -0.7660217	          -0.0432434	          -0.0363922	           0.2741241	           -0.042511	           0.2771301	          -0.8295288	          -0.1060181
2905500000	          -0.7668762	          -0.0383606	          -0.0340118	           0.2747345	          -0.0399475	           0.2761536	          -0.8323975	          -0.0995789
2912000000	          -0.7662354	          -0.0360413	          -0.0319214	           0.2748718	           -0.039032	           0.2750549	          -0.8331299	          -0.0957642
2918500000	          -0.7650757	          -0.0310364	          -0.0301971	           0.2754669	           -0.039093	           0.2757874	           -0.833252	           -0.088562
2925000000	          -0.7619629	          -0.0279236	          -0.0284729	           0.2760925	           -0.038269	            0.277832	          -0.8314209	          -0.0823669
2931500000	          -0.7595825	          -0.0228271	          -0.0262909	           0.2771759	          -0.0361328	           0.2799835	          -0.8288879	          -0.0758972
2938000000	           -0.756134	          -0.0222778	          -0.0238342	            0.278183	          -0.0327911	           0.2814941	          -0.8260498	          -0.0738525
2944500000	          -0.7539673	          -0.0199585	           -0.021286	           0.2789459	          -0.0299072	            0.282074	          -0.8244629	          -0.0695801
2951000000	          -0.7507019	          -0.0213623	          -0.0186768	           0.2792511	          -0.0273132	           0.2818298	          -0.8220825	          -0.0686035
2957500000	          -0.7487183	          -0.0202332	           -0.016571	           0.2795563	          -0.0261841	           0.2821655	           -0.821167	          -0.0653381
2964000000	          -0.7468262	          -0.0220947	          -0.0147095	           0.2802582	          -0.0246887	           0.2832336	           -0.819458	          -0.0652771
2970500000	          -0.7460632	          -0.0211182	          -0.0127869	            0.281311	          -0.0228882	            0.285202	          -0.8193359	          -0.0621338
2977000000	          -0.7449646	          -0.0233459	          -0.0101776	           0.2826843	          -0.0197906	           0.2869568	          -0.8184814	          -0.0617065
2983500000	          -0.7457581	          -0.0218201	          -0.0073242	           0.2837372	          -0.0166321	           0.2879028	          -0.8187561	          -0.0581055
2990000000	          -0.7465515	          -0.0227661	          -0.0040283	           0.2843018	          -0.0132294	           0.2880402	           -0.818573	          -0.0567627
2996500000	          -0.7475281	            -0.02005	          -0.0012054	            0.284256	          -0.0109863	           0.2881165	          -0.8186951	          -0.0523682
3003000000	          -0.7484741	          -0.0191345	           0.0014038	           0.2842102	          -0.0087891	           0.2885437	          -0.8171692	          -0.0499878
3009500000	          -0.7488403	          -0.0151062	           0.0036163	           0.2846069	          -0.0064697	           0.2896118	          -0.8162842	          -0.0445251
3016000000	          -0.7484741	          -0.0133972	           0.0065002	           0.2850647	          -0.0033569	           0.2902985	          -0.8140259	           -0.041748
3022500000	          -0.7484131	          -0.0084534	           0.0093536	           0.2851715	          -0.0004883	           0.2906494	          -0.8121338	          -0.0364685
3029000000	          -0.7462463	          -0.0066833	           0.0124207	           0.2849426	           0.0023956	           0.2903748	          -0.8082886	          -0.0335999
3035500000	          -0.7447815	          -0.0021057	           0.0144653	           0.2845306	           0.0041962	           0.2907104	          -0.8055115	          -0.0287476
3042000000	          -0.7411194	          -0.0006104	            0.016449	           0.2845001	            0.006546	           0.2913361	          -0.8007507	          -0.0270386
3048500000	          -0.7380676	           0.0029602	            0.018158	           0.2849426	           0.0089264	             0.29245	          -0.7973328	          -0.0233154
3055000000	          -0.7341003	           0.0032654	            0.020813	           0.2859039	           0.0123749	           0.2930298	          -0.7921143	          -0.0227661
3061500000	          -0.7312622	           0.0058289	           0.0235901	           0.2864685	           0.0155182	            0.293335	          -0.7885742	          -0.0201111
3068000000	          -0.7279053	           0.0047913	           0.0271301	           0.2866974	           0.0191193	           0.2929382	          -0.7839661	          -0.0207214
3074500000	          -0.7262573	           0.0066833	           0.0300598	           0.2864532	           0.0217285	           0.2924805	          -0.7808838	          -0.0189209
3081000000	          -0.7237549	           0.0053406	            0.032959	           0.2857666	           0.0242615	           0.2920837	          -0.7767639	          -0.0202637
3087500000	          -0.7224121	           0.0065002	           0.0349274	            0.285141	           0.0263672	           0.2922516	          -0.7748413	          -0.0192871
3094000000	          -0.7213745	           0.0052795	           0.0372925	           0.2852783	            0.029129	           0.2923737	          -0.7722168	          -0.0213928
3100500000	          -0.7209473	           0.0066833	           0.0395508	           0.2858734	           0.0317688	           0.2924194	          -0.7711487	          -0.0200806
3107000000	          -0.7201233	           0.0054932	           0.0432281	            0.286087	           0.0347137	           0.2919769	          -0.7698364	          -0.0212402
3113500000	          -0.7207031	           0.0076904	           0.0462646	            0.285553	           0.0367279	           0.2917175	          -0.7694702	          -0.0193481
3120000000	           -0.720459	            0.007782	             0.04953	            0.283905	           0.0386963	           0.2917023	          -0.7684326	          -0.0195313
3126500000	          -0.7207031	              0.0112	           0.0507813	           0.2827301	           0.0406036	             0.29245	           -0.768158	           -0.016571
3133000000	          -0.7203064	           0.0129395	           0.0521393	           0.2826843	            0.043869	            0.293396	          -0.7663879	           -0.015686
3139500000	          -0.7192688	           0.0171814	            0.053833	           0.2834015	           0.0471954	           0.2937927	          -0.7648621	          -0.0119934
3146000000	          -0.7174683	           0.0196533	           0.0569611	           0.2842407	           0.0513916	           0.2933044	           -0.762146	          -0.0099792
3152500000	          -0.7159424	           0.0241699	           0.0597687	            0.284256	           0.0541382	           0.2924957	          -0.7599487	          -0.0057068
3159000000	          -0.7123718	            0.026062	           0.0629883	           0.2835236	           0.0566101	            0.291687	          -0.7559204	          -0.0039673
3165500000	          -0.7095337	           0.0299377	           0.0649109	           0.2834015	           0.0584564	           0.2920074	          -0.7528381	           0.0003357
3172000000	          -0.7053833	           0.0308533	           0.0673676	           0.2833252	            0.061203	            0.292572	          -0.7485657	             0.00177
3178500000	          -0.7018127	           0.0332947	           0.0696259	            0.283844	           0.0641479	           0.2933655	          -0.7453918	           0.0044556
3185000000	          -0.6981812	           0.0331116	           0.0730286	           0.2839508	           0.0679169	           0.2930756	          -0.7412415	           0.0043335
3191500000	          -0.6953125	           0.0347595	           0.0761108	           0.2839355	           0.0712128	           0.2927704	          -0.7383118	            0.006073
3198000000	          -0.6916199	           0.0335999	           0.0798187	           0.2830048	           0.0745239	           0.2917633	          -0.7344971	           0.0045166
3204500000	          -0.6897278	            0.034729	           0.0823364	            0.282196	           0.0769043	           0.2911682	          -0.7321167	           0.0054932
3211000000	          -0.6873474	           0.0338745	           0.0848846	           0.2811584	           0.0796051	           0.2909698	           -0.729248	           0.0038757
3217500000	            -0.68573	           0.0348816	           0.0868073	           0.2809448	           0.0821686	           0.2910919	          -0.7275085	           0.0050049
3224000000	          -0.6841125	           0.0340881	           0.0895538	           0.2807922	           0.0857697	           0.2909088	          -0.7255249	           0.0040283
3230500000	          -0.6835938	            0.035614	           0.0921936	           0.2811737	           0.0888672	           0.2906036	          -0.7244263	           0.0055847
3237000000	          -0.6826172	            0.035675	           0.0956268	           0.2803955	           0.0923462	           0.2894745	          -0.7227173	           0.0053711
3243500000	          -0.6821289	           0.0382996	            0.098053	           0.2795563	           0.0945587	           0.2887115	          -0.7219543	           0.0076599
3250000000	          -0.6803284	           0.0392151	           0.1003723	           0.2783203	           0.0968323	           0.2883148	          -0.7205811	           0.0080566
3256500000	          -0.6790466	           0.0422363	           0.1020508	           0.2784271	           0.0990906	           0.2885132	          -0.7195129	           0.0111084
3263000000	          -0.6771851	           0.0436707	           0.1044312	           0.2788849	            0.102417	           0.2886658	          -0.7171631	           0.0123291
3269500000	          -0.6751404	           0.0463562	           0.1071014	           0.2795868	           0.1054993	           0.2886047	          -0.7153931	           0.0153809
3276000000	          -0.6729736	           0.0473022	           0.1106873	           0.2798004	           0.1091614	           0.2880402	          -0.7124939	           0.0163879
3282500000	          -0.6707764	           0.0495911	           0.1140137	           0.2796631	           0.1119995	           0.2875366	          -0.7096558	           0.0191956
3289000000	          -0.6673279	           0.0497437	           0.1176605	           0.2788696	           0.1151733	            0.286972	          -0.7062988	           0.0195007
3295500000	          -0.6646118	           0.0518494	           0.1206665	           0.2783203	           0.1182556	           0.2866974	          -0.7030029	            0.021698
3302000000	          -0.6607971	           0.0509949	           0.1240997	           0.2773743	           0.1220093	           0.2861633	          -0.6991272	           0.0213928
3308500000	          -0.6576233	            0.052063	           0.1271667	           0.2767334	            0.125351	           0.2853851	          -0.6961975	           0.0228882
3315000000	          -0.6543884	           0.0510254	           0.1307373	           0.2756653	           0.1292267	           0.2840118	          -0.6922607	           0.0219727
3321500000	           -0.651886	           0.0518799	           0.1338654	           0.2747345	           0.1320496	           0.2828064	          -0.6896667	           0.0227966
3328000000	          -0.6485901	           0.0504761	           0.1375275	           0.2733307	           0.1352539	           0.2814789	           -0.686615	           0.0215454
3334500000	           -0.646698	           0.0514526	           0.1403503	           0.2723541	           0.1381226	           0.2808533	          -0.6847534	           0.0223083
3341000000	          -0.6445313	           0.0501709	           0.1436157	           0.2710114	           0.1419678	           0.2798004	          -0.6820679	           0.0209961
3347500000	          -0.6429749	           0.0508423	           0.1464691	           0.2702332	             0.14534	           0.2789154	           -0.680542	           0.0221863
3354000000	          -0.6416626	           0.0499878	            0.149826	           0.2692108	           0.1491699	           0.2767944	          -0.6785583	           0.0213013
3360500000	           -0.640625	           0.0511475	           0.1527863	            0.268219	           0.1515503	           0.2750702	          -0.6771851	           0.0227966
3367000000	          -0.6387024	           0.0505676	           0.1562347	           0.2667999	            0.153717	           0.2733002	          -0.6754456	            0.022644
3373500000	          -0.6373596	           0.0523071	           0.1587982	           0.2656555	           0.1556854	           0.2727661	          -0.6739197	           0.0249023
3380000000	          -0.6348877	           0.0522461	           0.1618195	           0.2644196	            0.158432	           0.2723541	          -0.6715698	           0.0250549
3386500000	          -0.6326599	           0.0539551	           0.1644135	           0.2636414	           0.1616669	           0.2719574	           -0.669342	           0.0269165
3393000000	          -0.6304321	           0.0540466	           0.1678925	           0.2628326	           0.1659088	           0.2705841	          -0.6664124	           0.0266113
3399500000	          -0.6282349	           0.0552979	           0.1711121	           0.2618103	           0.1693115	           0.2693176	          -0.6639709	           0.0282593
3406000000	          -0.6254883	           0.0547485	           0.1748199	           0.2604218	           0.1729584	           0.2675934	          -0.6604004	           0.0282288
3412500000	          -0.6231995	           0.0561218	           0.1781921	             0.25914	           0.1758881	           0.2666779	          -0.6575317	           0.0297852
3419000000	          -0.6203613	           0.0553894	           0.1820068	           0.2575684	           0.1794891	           0.2658234	          -0.6539917	           0.0295105
3425500000	          -0.6184998	           0.0561523	           0.1851196	           0.2561951	           0.1831512	           0.2647705	          -0.6510315	           0.0304871
3432000000	          -0.6159668	           0.0545959	           0.1888885	           0.2544403	           0.1872711	            0.262619	          -0.6480713	           0.0294189
3438500000	          -0.6135864	           0.0547485	           0.1921997	            0.252655	           0.1904755	           0.2601318	          -0.6454773	           0.0296326
3445000000	           -0.611145	           0.0532227	           0.1959991	           0.2500305	           0.1936646	           0.2571564	          -0.6428528	           0.0281067
3451500000	          -0.6089172	           0.0535278	           0.1988754	           0.2478485	           0.1956635	           0.2554779	           -0.640686	            0.028595
3458000000	          -0.6065063	           0.0517273	           0.2020798	           0.2453003	            0.198288	           0.2537842	          -0.6386108	           0.0271606
3464500000	          -0.6051331	           0.0519714	           0.2045212	           0.2434769	           0.2011261	           0.2529449	          -0.6365662	           0.0281372
3471000000	          -0.6034546	           0.0503235	           0.2078476	           0.2415924	           0.2054138	           0.2514191	          -0.6340332	           0.0271301
3477500000	          -0.6022949	           0.0505676	           0.2107697	            0.239769	           0.2090225	           0.2495422	          -0.6318665	           0.0279236
3484000000	           -0.601532	           0.0495605	           0.2144852	           0.2374039	           0.2130127	           0.2465668	           -0.629303	           0.0264587
3490500000	          -0.6004944	           0.0505981	           0.2173309	            0.234993	           0.2153931	            0.243988	          -0.6270142	           0.0268555
3497000000	          -0.5986023	           0.0493164	           0.2205505	           0.2318497	           0.2180252	           0.2415161	          -0.6243591	           0.0255127
3503500000	          -0.5972595	           0.0498962	           0.2224808	           0.2294006	            0.220192	           0.2400589	           -0.622345	           0.0263672
3510000000	          -0.5956726	           0.0487671	           0.2250671	           0.2270508	           0.2236099	            0.238266	          -0.6195374	           0.0254517
3516500000	          -0.5943604	           0.0495911	           0.2272034	           0.2252884	           0.2265854	           0.2363586	          -0.6170959	           0.0260315
3523000000	          -0.5927734	           0.0489502	           0.2307205	           0.2230988	           0.2300034	           0.2338333	          -0.6143188	           0.0247803
3529500000	          -0.5911255	           0.0501099	           0.2333298	           0.2208405	           0.2325745	           0.2315216	          -0.6119995	            0.025238
3536000000	          -0.5890198	           0.0496521	            0.236618	            0.217804	           0.2357178	           0.2292328	           -0.609375	           0.0236206
3542500000	          -0.5875549	           0.0508118	           0.2384338	           0.2152557	           0.2382507	            0.227478	          -0.6071777	           0.0238037
3549000000	          -0.5853882	            0.049408	             0.24086	            0.212532	           0.2417221	           0.2250214	           -0.604126	           0.0221558
3555500000	          -0.5841064	           0.0500793	           0.2427826	           0.2107544	           0.2446823	           0.2227783	          -0.6016235	           0.0221252
3562000000	          -0.5823975	           0.0487366	           0.2459946	           0.2083588	           0.2480164	           0.2197113	          -0.5989075	           0.0201111
3568500000	          -0.5807495	           0.0492859	           0.2487411	           0.2061157	           0.2502899	           0.2171936	          -0.5966797	           0.0197754
3575000000	          -0.5788574	           0.0484314	           0.2520752	           0.2023773	           0.2533112	           0.2142334	          -0.5942993	           0.0176086
3581500000	          -0.5765076	           0.0490112	           0.2540741	           0.1993561	           0.2558594	           0.2119598	          -0.5921631	           0.0174866
3588000000	          -0.5744629	           0.0480042	           0.2560577	           0.1957855	             0.25914	           0.2090607	          -0.5899963	           0.0154724
3594500000	          -0.5728455	            0.048645	           0.2575836	            0.193573	           0.2618103	           0.2062836	          -0.5882263	           0.0151978
3601000000	          -0.5711365	           0.0473633	           0.2599945	           0.1910553	           0.2649689	           0.2027893	          -0.5859985	           0.0129089
3607500000	           -0.569519	           0.0483398	           0.2622375	           0.1889343	           0.2670746	           0.1998138	          -0.5841675	           0.0125122
3614000000	          -0.5678406	           0.0476685	           0.2650604	           0.1857147	           0.2696838	             0.19664	          -0.5819397	           0.0102539
3620500000	          -0.5659485	           0.0485229	            0.266922	           0.1829224	           0.2718964	           0.1939697	          -0.5799866	           0.0100708
3627000000	           -0.563446	           0.0468445	           0.2687531	            0.179306	           0.2746429	           0.1907349	          -0.5777283	           0.0079346
3633500000	           -0.561554	           0.0469971	           0.2702332	           0.1768799	           0.2769623	           0.1877289	          -0.5757141	           0.0076904
3640000000	          -0.5592041	           0.0453491	           0.2722321	           0.1740723	           0.2793274	           0.1838989	          -0.5733948	           0.0053406
3646500000	          -0.5569763	           0.0454407	            0.274292	           0.1719971	           0.2808685	            0.181015	          -0.5716858	            0.005127
3653000000	          -0.5545044	           0.0437927	           0.2767944	           0.1688232	           0.2829895	           0.1779022	           -0.569519	           0.0030823
3659500000	          -0.5517273	           0.0437317	           0.2788696	           0.1660919	           0.2850189	           0.1753845	          -0.5678406	           0.0029907
3666000000	          -0.5489807	            0.041687	           0.2810669	           0.1625824	           0.2879181	            0.172226	          -0.5653992	           0.0004272
3672500000	          -0.5470581	           0.0414734	           0.2824554	           0.1600342	           0.2905121	           0.1691895	          -0.5632324	          -0.0006714
3679000000	          -0.5448914	           0.0389709	           0.2843781	           0.1570435	           0.2932281	           0.1653442	          -0.5608826	           -0.003479
3685500000	          -0.5436096	           0.0384827	           0.2861023	           0.1546936	           0.2949829	           0.1616211	          -0.5592957	          -0.0046082
3692000000	          -0.5416565	           0.0359497	           0.2888184	           0.1515961	           0.2971954	           0.1576691	           -0.557251	          -0.0075989
3698500000	          -0.5400085	           0.0349731	           0.2909393	            0.148468	           0.2983093	           0.1546173	          -0.5557556	          -0.0080566
3705000000	           -0.538208	           0.0319824	           0.2932434	           0.1443634	           0.3004303	            0.151062	          -0.5541382	          -0.0106812
3711500000	          -0.5368042	           0.0308228	           0.2947998	           0.1411285	           0.3022766	           0.1480255	          -0.5525513	          -0.0111694
3718000000	          -0.5349426	           0.0275574	           0.2964935	            0.137207	           0.3046265	           0.1442261	          -0.5507813	          -0.0138245
3724500000	           -0.533905	           0.0267334	           0.2979126	            0.134201	           0.3061981	            0.140625	            -0.54953	          -0.0144653
3731000000	          -0.5325317	           0.0239258	           0.2997894	           0.1307983	            0.308075	           0.1365051	          -0.5484009	          -0.0172424
3737500000	           -0.531189	           0.0230713	           0.3014221	           0.1275787	           0.3093414	           0.1330872	          -0.5473328	          -0.0178833
3744000000	          -0.5301208	           0.0206604	           0.3031616	           0.1240234	           0.3109283	           0.1293335	          -0.5457153	           -0.020813
3750500000	          -0.5291138	           0.0200195	           0.3046417	           0.1208191	           0.3125763	           0.1258698	          -0.5445862	           -0.021637
3757000000	          -0.5280762	           0.0170898	           0.3063507	           0.1170197	           0.3143311	           0.1217194	          -0.5428162	          -0.0245056
3763500000	          -0.5273132	           0.0163574	           0.3076172	           0.1138458	           0.3156281	            0.117981	           -0.541748	          -0.0255127
3770000000	          -0.5262756	           0.0135803	           0.3094788	           0.1099243	           0.3170013	           0.1136322	          -0.5406494	          -0.0283813
3776500000	          -0.5253601	           0.0126038	           0.3106842	           0.1061554	           0.3177948	           0.1099396	           -0.539917	          -0.0289612
3783000000	           -0.524292	           0.0095825	           0.3120422	            0.102005	           0.3189697	           0.1059265	          -0.5385437	          -0.0315247
3789500000	          -0.5230103	           0.0084229	           0.3130493	           0.0983429	           0.3199463	           0.1024628	          -0.5376587	          -0.0317383
3796000000	          -0.5217896	           0.0051575	           0.3140106	           0.0943451	           0.3213043	           0.0985718	          -0.5362549	          -0.0344543
3802500000	          -0.5214233	           0.0041809	           0.3148804	           0.0910339	           0.3222198	           0.0948639	          -0.5353394	          -0.0355835
3809000000	          -0.5202942	           0.0008545	           0.3160858	           0.0875244	           0.3234253	           0.0905914	          -0.5341492	          -0.0391846
3815500000	          -0.5198975	          -0.0002441	           0.3170776	           0.0839996	           0.3242035	           0.0868835	          -0.5336304	          -0.0406494
3822000000	          -0.5192871	            -0.00354	           0.3183441	           0.0801239	           0.3250885	           0.0826263	          -0.5327148	          -0.0443115
3828500000	          -0.5189209	          -0.0048218	           0.3192139	            0.076416	           0.3256531	           0.0790863	          -0.5324402	          -0.0454102
3835000000	          -0.5187988	          -0.0080872	           0.3201904	           0.0721588	           0.3265228	           0.0747986	          -0.5315552	          -0.0487976
3841500000	          -0.5187683	          -0.0093384	           0.3206024	           0.0685272	           0.3269501	           0.0710907	          -0.5310669	          -0.0499268
3848000000	          -0.5184021	          -0.0127563	           0.3214417	           0.0644073	           0.3274994	           0.0668488	          -0.5306091	           -0.052948
3854500000	          -0.5186768	          -0.0137024	           0.3218994	           0.0606384	           0.3277588	           0.0632629	          -0.5305176	          -0.0540161
3861000000	          -0.5183411	          -0.0169373	           0.3226929	           0.0564728	           0.3282318	           0.0589447	          -0.5302124	          -0.0570374
3867500000	          -0.5185242	          -0.0178223	           0.3230743	           0.0528564	           0.3286438	           0.0552521	          -0.5307007	          -0.0579224
3874000000	          -0.5187073	          -0.0206909	           0.3234711	           0.0486908	           0.3290558	           0.0510406	          -0.5303345	          -0.0609741
3880500000	          -0.5190735	          -0.0214844	           0.3235016	           0.0449524	            0.329071	           0.0472717	          -0.5304871	          -0.0618896
3887000000	           -0.519104	          -0.0244141	           0.3239899	           0.0409546	           0.3293152	           0.0428619	          -0.5303955	          -0.0650635
3893500000	          -0.5195007	           -0.025116	           0.3239288	            0.037323	           0.3289948	           0.0393829	          -0.5303955	          -0.0660095
3900000000	          -0.5195313	          -0.0280762	           0.3246002	           0.0333099	           0.3290405	           0.0352631	          -0.5299683	          -0.0692749
