! 
! FILENAME MUT_20mm_TG
# Hz S RI R 50
2600000000	          -0.7925415	          -0.1170044	          -0.1132355	           0.2344513	          -0.1172791	           0.2326508	          -0.8080139	          -0.1459656
2606500000	          -0.7902832	           -0.118927	          -0.1124191	           0.2350464	          -0.1166458	           0.2333527	          -0.8063354	          -0.1502686
2613000000	          -0.7881775	          -0.1200562	          -0.1114807	            0.235733	          -0.1159744	            0.234108	          -0.8048096	          -0.1537476
2619500000	          -0.7866516	          -0.1207886	          -0.1105194	           0.2364502	          -0.1151199	           0.2348938	          -0.8037415	          -0.1567383
2626000000	          -0.7849426	          -0.1210022	           -0.109314	           0.2372131	          -0.1141586	           0.2357635	          -0.8031006	          -0.1588745
2632500000	           -0.783905	          -0.1209717	          -0.1081772	           0.2380829	          -0.1131592	           0.2366409	          -0.8026733	           -0.160675
2639000000	          -0.7823181	          -0.1204834	          -0.1069107	           0.2387924	          -0.1120453	           0.2374954	          -0.8020325	          -0.1619568
2645500000	          -0.7815247	           -0.119751	          -0.1056366	           0.2396927	          -0.1108932	           0.2384186	           -0.802002	          -0.1628113
2652000000	          -0.7805176	          -0.1188049	          -0.1042709	           0.2404861	          -0.1096725	           0.2393341	           -0.802002	          -0.1633606
2658500000	          -0.7797546	          -0.1177368	          -0.1028976	           0.2414017	          -0.1084595	           0.2403183	           -0.802063	          -0.1637268
2665000000	          -0.7788391	           -0.116333	          -0.1014557	           0.2422409	          -0.1071701	           0.2412415	          -0.8022156	          -0.1637268
2671500000	          -0.7782898	          -0.1149902	          -0.1000519	           0.2431641	          -0.1058655	           0.2422256	          -0.8027954	          -0.1635742
2678000000	          -0.7776794	          -0.1134033	          -0.0985107	           0.2440796	          -0.1044922	           0.2432327	          -0.8031921	          -0.1631775
2684500000	          -0.7771912	          -0.1118469	          -0.0970535	           0.2450256	          -0.1031113	           0.2442169	          -0.8038635	          -0.1626282
2691000000	          -0.7764587	          -0.1099243	          -0.0954971	           0.2459106	          -0.1016846	           0.2452011	          -0.8041992	          -0.1617432
2697500000	          -0.7761536	          -0.1081238	           -0.093956	           0.2468414	          -0.1002426	           0.2461929	          -0.8050842	          -0.1608582
2704000000	          -0.7754517	          -0.1061707	          -0.0923462	            0.247757	          -0.0987549	           0.2471695	          -0.8055725	          -0.1598206
2710500000	          -0.7750854	          -0.1043091	          -0.0907516	           0.2486649	          -0.0972519	           0.2481766	          -0.8063049	          -0.1585999
2717000000	          -0.7745667	          -0.1022949	          -0.0891266	           0.2496185	          -0.0957336	           0.2491837	          -0.8070374	          -0.1573181
2723500000	           -0.774231	          -0.1003113	          -0.0874786	           0.2505341	          -0.0942078	           0.2501984	          -0.8079224	          -0.1558838
2730000000	          -0.7737427	          -0.0982361	          -0.0857697	           0.2514648	          -0.0926208	           0.2511902	          -0.8086853	          -0.1543884
2736500000	           -0.773407	          -0.0961304	          -0.0841064	           0.2524109	          -0.0910187	           0.2522125	          -0.8095703	          -0.1528015
2743000000	          -0.7728577	          -0.0939636	          -0.0823822	           0.2533264	          -0.0894012	           0.2531891	          -0.8102722	          -0.1510925
2749500000	          -0.7724915	          -0.0919189	           -0.080658	           0.2542419	          -0.0877838	           0.2541962	          -0.8111267	           -0.149292
2756000000	          -0.7720337	          -0.0897827	          -0.0789032	           0.2551575	          -0.0861359	            0.255188	          -0.8118896	          -0.1474304
2762500000	          -0.7716064	          -0.0876465	          -0.0771637	           0.2560883	          -0.0844727	           0.2562103	          -0.8126526	          -0.1455688
2769000000	          -0.7710571	          -0.0855103	          -0.0753479	           0.2569885	          -0.0827789	           0.2572021	           -0.813385	          -0.1435852
2775500000	          -0.7706604	          -0.0834351	          -0.0735626	           0.2579041	          -0.0810852	           0.2581787	          -0.8141785	          -0.1415405
2782000000	          -0.7702026	          -0.0812988	          -0.0717316	           0.2588196	          -0.0793304	            0.259201	          -0.8149414	          -0.1394653
2788500000	          -0.7697754	          -0.0792542	          -0.0699005	           0.2597504	          -0.0776062	           0.2601776	          -0.8156433	          -0.1373291
2795000000	          -0.7692261	          -0.0771179	          -0.0680389	           0.2606049	          -0.0758362	           0.2611847	          -0.8161926	          -0.1351013
2801500000	          -0.7687378	          -0.0750122	          -0.0661621	           0.2615051	          -0.0740509	           0.2621613	           -0.816925	          -0.1328735
2808000000	           -0.768158	           -0.072937	          -0.0642548	           0.2623596	          -0.0722351	           0.2631226	          -0.8173828	          -0.1305847
2814500000	          -0.7676697	          -0.0708923	          -0.0623474	           0.2632446	          -0.0704041	           0.2640839	          -0.8179321	          -0.1282654
2821000000	          -0.7670593	          -0.0688171	          -0.0604095	           0.2640839	           -0.068573	           0.2650604	          -0.8183594	           -0.125885
2827500000	          -0.7665405	          -0.0668335	          -0.0584717	           0.2649384	          -0.0667114	           0.2660065	          -0.8188477	          -0.1234741
2834000000	          -0.7658997	          -0.0648193	           -0.056488	           0.2657928	          -0.0648346	           0.2669678	          -0.8192139	          -0.1210327
2840500000	          -0.7653503	          -0.0628052	          -0.0544891	           0.2666168	           -0.062912	           0.2679138	           -0.819519	          -0.1185913
2847000000	           -0.764679	           -0.060791	          -0.0524902	           0.2674255	          -0.0609894	           0.2688446	          -0.8197327	          -0.1160889
2853500000	          -0.7640381	          -0.0588074	          -0.0504761	           0.2682495	          -0.0590515	           0.2697601	          -0.8199463	          -0.1135254
2860000000	          -0.7633057	          -0.0568542	          -0.0484161	           0.2690125	          -0.0570679	           0.2706451	          -0.8199768	          -0.1109924
2866500000	          -0.7626648	          -0.0549011	          -0.0463562	           0.2698059	          -0.0550995	           0.2715912	          -0.8200989	          -0.1083984
2873000000	          -0.7618713	          -0.0529785	           -0.044281	           0.2705688	          -0.0530701	           0.2724762	          -0.8199768	           -0.105835
2879500000	           -0.761261	          -0.0510864	          -0.0421906	           0.2713318	          -0.0510406	           0.2733612	          -0.8199768	          -0.1032104
2886000000	           -0.760437	          -0.0491943	          -0.0400543	            0.272049	           -0.048996	           0.2742157	          -0.8197632	          -0.1006165
2892500000	          -0.7597046	          -0.0473022	          -0.0379486	           0.2727814	          -0.0469208	           0.2751007	          -0.8195801	          -0.0979919
2899000000	          -0.7588196	          -0.0453796	          -0.0357819	            0.273468	          -0.0448151	           0.2759399	          -0.8191833	          -0.0953064
2905500000	          -0.7580566	          -0.0435181	          -0.0336304	           0.2741699	          -0.0426941	           0.2767792	          -0.8188782	          -0.0926819
2912000000	          -0.7571411	          -0.0416565	          -0.0314178	            0.274826	          -0.0405426	           0.2775879	          -0.8183289	          -0.0900269
2918500000	          -0.7562866	          -0.0397949	          -0.0292206	           0.2754669	          -0.0383759	           0.2783813	           -0.817749	          -0.0873718
2925000000	          -0.7553711	          -0.0379639	          -0.0270081	           0.2760925	          -0.0361786	           0.2791901	          -0.8171387	          -0.0847168
2931500000	          -0.7544556	          -0.0361328	           -0.024765	           0.2767029	          -0.0339813	            0.279953	          -0.8164063	          -0.0820313
2938000000	            -0.75354	          -0.0343323	          -0.0225067	           0.2773285	          -0.0317383	           0.2807312	          -0.8157043	          -0.0793762
2944500000	          -0.7525635	          -0.0325012	          -0.0202332	           0.2778778	            -0.02948	           0.2814484	          -0.8147888	          -0.0767212
2951000000	          -0.7514954	          -0.0306702	          -0.0179291	           0.2784271	          -0.0272064	           0.2821655	          -0.8138123	          -0.0740967
2957500000	          -0.7504883	          -0.0289001	          -0.0156403	           0.2789612	          -0.0249023	           0.2828674	          -0.8128052	          -0.0714417
2964000000	          -0.7493896	          -0.0270691	          -0.0133209	           0.2794647	          -0.0225677	           0.2835236	          -0.8116455	          -0.0688477
2970500000	          -0.7483826	          -0.0252991	          -0.0110016	           0.2799683	          -0.0202332	           0.2842102	          -0.8105469	          -0.0661926
2977000000	          -0.7471924	          -0.0234985	          -0.0086212	            0.280426	          -0.0178528	           0.2848511	          -0.8092651	          -0.0636292
2983500000	          -0.7460938	           -0.021698	          -0.0062714	            0.280899	          -0.0154724	           0.2854767	          -0.8079834	          -0.0610657
2990000000	          -0.7449646	          -0.0199585	           -0.003891	           0.2813263	          -0.0130615	           0.2861023	          -0.8065796	          -0.0585327
2996500000	          -0.7437134	          -0.0181885	          -0.0014954	            0.281723	          -0.0106201	           0.2866364	          -0.8050842	          -0.0559998
3003000000	          -0.7424927	          -0.0164185	           0.0009155	           0.2821198	          -0.0081635	           0.2872314	          -0.8035889	          -0.0534973
3009500000	          -0.7412415	           -0.014679	           0.0033264	           0.2824707	          -0.0056915	           0.2877655	          -0.8019409	          -0.0510254
3016000000	          -0.7399597	          -0.0129395	           0.0057831	           0.2828217	          -0.0031891	            0.288269	          -0.8002319	           -0.048584
3022500000	          -0.7386475	          -0.0111389	           0.0082245	           0.2831421	          -0.0006714	           0.2887573	          -0.7985229	          -0.0462036
3029000000	          -0.7372742	          -0.0093994	           0.0106812	           0.2834473	           0.0018616	           0.2892456	          -0.7967529	          -0.0438232
3035500000	          -0.7359314	          -0.0076904	           0.0131531	           0.2837219	           0.0044098	           0.2896576	          -0.7948608	          -0.0414429
3042000000	          -0.7344971	          -0.0059509	           0.0156403	           0.2839661	           0.0070038	           0.2900848	          -0.7929688	          -0.0391846
3048500000	          -0.7330933	          -0.0042114	           0.0181427	           0.2842102	           0.0095978	           0.2904968	          -0.7910461	          -0.0368958
3055000000	          -0.7315979	          -0.0025024	           0.0206604	           0.2844238	            0.012207	            0.290863	           -0.789032	          -0.0346375
3061500000	          -0.7301941	          -0.0007935	           0.0231781	           0.2846375	           0.0148468	            0.291214	          -0.7870178	          -0.0324097
3068000000	          -0.7286377	           0.0009155	           0.0257111	             0.28479	           0.0175018	           0.2915344	          -0.7848816	          -0.0302429
3074500000	          -0.7270813	            0.002594	           0.0282593	           0.2849579	           0.0201721	           0.2918396	          -0.7827759	          -0.0281372
3081000000	          -0.7254639	            0.004303	           0.0308228	           0.2850647	           0.0228577	           0.2920837	          -0.7805481	          -0.0260315
3087500000	           -0.723877	           0.0059509	           0.0333862	           0.2851868	           0.0255585	           0.2923431	          -0.7783508	          -0.0239868
3094000000	           -0.722229	           0.0076294	           0.0359802	           0.2852783	           0.0282898	            0.292572	           -0.776123	          -0.0220032
3100500000	          -0.7206116	           0.0092773	           0.0385895	           0.2853546	           0.0310211	           0.2927551	          -0.7738647	            -0.02005
3107000000	          -0.7188721	           0.0108948	           0.0411987	           0.2854004	            0.033783	            0.292923	          -0.7715454	          -0.0181274
3113500000	          -0.7172241	           0.0125427	            0.043808	           0.2854309	           0.0365448	           0.2930756	          -0.7692261	          -0.0162048
3120000000	          -0.7153931	           0.0141602	           0.0464478	           0.2854156	           0.0393372	           0.2931671	          -0.7667847	          -0.0144043
3126500000	          -0.7136536	           0.0157166	           0.0490875	           0.2854156	           0.0421295	           0.2932587	          -0.7644348	          -0.0126343
3133000000	           -0.711853	           0.0172729	           0.0517578	           0.2853851	           0.0449677	           0.2933197	          -0.7620239	          -0.0108337
3139500000	          -0.7100525	           0.0188599	           0.0544128	           0.2853241	           0.0477753	           0.2933502	           -0.759613	          -0.0091248
3146000000	          -0.7081909	           0.0203552	           0.0571136	           0.2852325	           0.0506287	           0.2933502	          -0.7571411	          -0.0074768
3152500000	          -0.7063293	           0.0219116	           0.0598145	            0.285141	           0.0534973	            0.293335	          -0.7547302	          -0.0058594
3159000000	          -0.7044373	           0.0233765	           0.0625153	           0.2850189	           0.0563812	           0.2932892	          -0.7522278	          -0.0042419
3165500000	          -0.7024841	           0.0248718	           0.0652466	           0.2848511	           0.0592651	           0.2931824	          -0.7497864	          -0.0026855
3172000000	          -0.7005615	           0.0263062	           0.0679779	           0.2846985	           0.0621643	           0.2930756	          -0.7472839	          -0.0011902
3178500000	          -0.6986389	             0.02771	           0.0707397	           0.2845154	           0.0650787	           0.2929382	           -0.744812	           0.0002747
3185000000	          -0.6966248	           0.0290833	           0.0735016	           0.2842712	           0.0680237	           0.2927704	          -0.7422791	            0.001709
3191500000	          -0.6946411	           0.0304565	           0.0762939	           0.2840424	           0.0709534	            0.292572	          -0.7397766	           0.0031128
3198000000	           -0.692627	           0.0317993	           0.0790863	           0.2837677	           0.0739136	           0.2923279	          -0.7372742	           0.0044556
3204500000	          -0.6905823	           0.0331116	           0.0818939	           0.2834778	            0.076889	           0.2920685	          -0.7347717	           0.0057678
3211000000	          -0.6885071	           0.0343933	           0.0847168	           0.2831726	           0.0798645	           0.2917938	          -0.7322388	           0.0070801
3217500000	          -0.6864929	           0.0356445	           0.0875702	           0.2828369	           0.0828705	           0.2914886	          -0.7297668	           0.0083313
3224000000	          -0.6843262	           0.0368347	           0.0903931	           0.2824402	           0.0858612	           0.2910919	          -0.7271423	            0.009491
3230500000	           -0.682312	           0.0380249	            0.093277	           0.2820435	           0.0888824	            0.290741	          -0.7246704	           0.0106812
3237000000	          -0.6801453	           0.0391846	           0.0961761	           0.2816315	           0.0919189	           0.2903137	          -0.7221375	           0.0118103
3243500000	          -0.6780701	           0.0402832	           0.0990753	           0.2811737	           0.0949554	            0.289856	           -0.719635	           0.0129395
3250000000	          -0.6759338	           0.0413818	           0.1019897	           0.2806854	           0.0980072	           0.2893677	          -0.7171326	           0.0140076
3256500000	          -0.6737976	           0.0424194	           0.1049042	           0.2801819	           0.1010742	           0.2888641	          -0.7146301	           0.0150452
3263000000	          -0.6716309	           0.0434265	           0.1078491	           0.2796173	           0.1041412	           0.2882996	          -0.7120667	           0.0160522
3269500000	          -0.6695251	           0.0444336	           0.1108093	            0.279068	           0.1072235	           0.2877502	          -0.7096252	           0.0170593
3276000000	          -0.6673279	           0.0453491	           0.1137695	           0.2784271	            0.110321	           0.2870941	          -0.7070618	           0.0179749
3282500000	          -0.6652222	           0.0462952	           0.1167603	           0.2778015	           0.1134186	           0.2864685	          -0.7046204	           0.0188904
3289000000	          -0.6630554	           0.0471802	            0.119751	           0.2771149	           0.1165161	           0.2857513	          -0.7021179	           0.0197754
3295500000	          -0.6609192	           0.0480042	           0.1227722	           0.2763824	           0.1196289	           0.2850342	           -0.699646	           0.0206299
3302000000	          -0.6587219	           0.0487976	           0.1257629	           0.2756348	           0.1227722	            0.284256	           -0.697113	           0.0214539
3308500000	          -0.6566162	           0.0495911	           0.1287994	           0.2748566	            0.125885	            0.283493	          -0.6946716	           0.0222778
3315000000	          -0.6544189	           0.0503235	           0.1318512	           0.2740173	           0.1290436	           0.2826385	          -0.6921997	           0.0230103
3321500000	          -0.6522827	           0.0509949	            0.134903	           0.2731628	           0.1321716	           0.2817993	          -0.6897278	           0.0237732
3328000000	          -0.6500854	           0.0516357	             0.13797	           0.2722321	           0.1353149	           0.2808533	          -0.6871948	           0.0244141
3334500000	          -0.6479187	           0.0523071	            0.141037	            0.271286	           0.1384888	            0.279892	          -0.6847534	            0.025116
3341000000	           -0.645813	           0.0528564	           0.1441193	           0.2702942	           0.1416626	           0.2789154	          -0.6822815	           0.0257568
3347500000	          -0.6437073	           0.0534363	           0.1472015	           0.2692719	           0.1448212	           0.2778931	          -0.6798706	           0.0263672
3354000000	          -0.6415405	           0.0539246	           0.1502991	           0.2681885	            0.147995	           0.2767944	          -0.6773376	           0.0269165
3360500000	          -0.6394043	           0.0544434	           0.1533966	           0.2670593	           0.1511688	           0.2756958	          -0.6749268	           0.0274963
3367000000	          -0.6372681	           0.0548706	           0.1565094	           0.2658844	           0.1543579	           0.2745361	          -0.6724243	           0.0279846
3373500000	          -0.6351624	           0.0552673	           0.1596069	           0.2646942	           0.1575317	           0.2733459	          -0.6699524	           0.0284424
3380000000	          -0.6330261	           0.0556335	           0.1627045	           0.2634125	           0.1607056	           0.2720795	            -0.66745	           0.0288696
3386500000	          -0.6309509	           0.0559998	           0.1658173	           0.2621155	           0.1638947	            0.270813	          -0.6650391	           0.0292969
3393000000	          -0.6288757	           0.0562744	           0.1689148	           0.2607727	           0.1670837	           0.2694855	          -0.6625671	           0.0296326
3399500000	            -0.62677	           0.0565491	           0.1720123	           0.2593536	           0.1702576	           0.2681122	          -0.6600647	           0.0299683
3406000000	          -0.6246948	           0.0567932	           0.1751251	           0.2579193	           0.1734314	           0.2666931	          -0.6576538	           0.0302429
3412500000	          -0.6226501	           0.0570374	           0.1782227	            0.256424	           0.1766205	           0.2652283	          -0.6551819	           0.0305176
3419000000	           -0.620636	           0.0571899	           0.1813202	           0.2548828	           0.1797943	           0.2637482	           -0.652771	           0.0307312
3425500000	          -0.6186218	           0.0572815	           0.1844177	           0.2532959	           0.1829681	           0.2621918	          -0.6502991	           0.0309143
3432000000	          -0.6165466	           0.0574036	           0.1874695	           0.2516174	           0.1861115	           0.2605591	          -0.6477966	           0.0310059
3438500000	           -0.614563	           0.0574951	           0.1905441	           0.2499466	             0.18927	           0.2589264	          -0.6453552	           0.0310974
3445000000	          -0.6125793	           0.0575256	           0.1935959	           0.2481995	           0.1924286	           0.2572327	          -0.6429138	           0.0311279
3451500000	          -0.6105957	           0.0575256	             0.19664	           0.2464066	           0.1955566	           0.2555084	          -0.6404724	           0.0311584
3458000000	          -0.6086121	           0.0574646	           0.1996689	           0.2445755	              0.1987	           0.2537079	           -0.638031	           0.0310974
3464500000	          -0.6066284	           0.0574341	           0.2026825	           0.2426758	            0.201828	           0.2518768	          -0.6356201	           0.0310059
3471000000	          -0.6047058	           0.0573425	           0.2056656	           0.2407227	           0.2049103	           0.2499847	          -0.6331482	           0.0308533
3477500000	          -0.6027832	           0.0572205	           0.2086487	           0.2387466	           0.2080231	           0.2480698	          -0.6307373	           0.0307312
3484000000	          -0.6008606	           0.0570679	           0.2116013	           0.2367172	            0.211113	           0.2461014	          -0.6283569	           0.0304871
3490500000	           -0.598999	           0.0569153	           0.2145538	           0.2346344	             0.21418	            0.244072	           -0.625946	           0.0302124
3497000000	          -0.5971069	           0.0567322	           0.2174683	           0.2324905	           0.2172318	           0.2419891	          -0.6235657	           0.0299072
3503500000	          -0.5952454	           0.0565186	           0.2203598	           0.2303238	           0.2202606	           0.2398758	          -0.6211853	           0.0295715
3510000000	          -0.5933838	           0.0562744	           0.2232361	            0.228096	           0.2232819	           0.2376938	          -0.6188354	           0.0291443
3516500000	          -0.5915527	           0.0559998	           0.2260666	           0.2258224	           0.2262878	           0.2354965	          -0.6165161	            0.028717
3523000000	          -0.5897217	           0.0556946	           0.2288742	           0.2234955	            0.229248	           0.2332153	          -0.6141357	           0.0282288
3529500000	          -0.5879822	           0.0553894	           0.2316742	           0.2211456	           0.2322235	           0.2309265	          -0.6118774	             0.02771
3536000000	          -0.5861511	           0.0549927	           0.2344284	           0.2187271	           0.2351532	           0.2285538	          -0.6095276	           0.0270996
3542500000	          -0.5843811	            0.054657	           0.2371521	           0.2162781	           0.2380676	           0.2261429	          -0.6072388	           0.0264893
3549000000	          -0.5826111	           0.0542297	           0.2398529	           0.2137909	           0.2409592	           0.2236862	           -0.605011	           0.0258179
3555500000	          -0.5809326	            0.053833	           0.2425232	           0.2112579	           0.2438278	           0.2212067	          -0.6027832	           0.0251465
3562000000	          -0.5791931	           0.0533752	           0.2451477	           0.2086716	           0.2466507	           0.2186279	          -0.6005554	            0.024353
3568500000	          -0.5774536	           0.0529175	           0.2477417	           0.2060547	           0.2494507	           0.2160492	          -0.5983887	           0.0236206
3575000000	          -0.5757751	           0.0524597	           0.2502899	           0.2033844	           0.2522125	           0.2133942	          -0.5961914	           0.0227661
3581500000	          -0.5741272	           0.0519409	           0.2528381	           0.2006989	           0.2549591	           0.2107086	          -0.5941162	           0.0219116
3588000000	          -0.5724487	           0.0513916	           0.2553101	           0.1979523	           0.2576752	            0.207962	          -0.5919495	           0.0210266
3594500000	          -0.5708008	           0.0508728	           0.2577667	           0.1951904	           0.2603607	           0.2052002	          -0.5899353	           0.0200806
3601000000	          -0.5692139	            0.050293	           0.2601776	           0.1923828	           0.2630005	           0.2023621	          -0.5879211	            0.019104
3607500000	          -0.5676575	           0.0497131	           0.2625732	           0.1895447	           0.2656403	           0.1995239	           -0.585907	           0.0181274
3614000000	          -0.5660706	           0.0491333	           0.2649078	            0.186676	           0.2681885	           0.1965942	          -0.5839844	           0.0170898
3620500000	          -0.5645142	           0.0485229	           0.2672119	           0.1837616	            0.270752	           0.1936646	          -0.5820313	           0.0160522
3627000000	          -0.5630798	           0.0478821	           0.2694702	           0.1808319	           0.2732544	           0.1906433	          -0.5802002	           0.0149841
3633500000	          -0.5615845	           0.0472717	            0.271698	           0.1778412	           0.2757416	           0.1876526	          -0.5783691	           0.0138855
3640000000	          -0.5601196	           0.0465698	             0.27388	           0.1748657	           0.2781525	           0.1845551	          -0.5765991	           0.0126953
3646500000	          -0.5586243	           0.0458984	           0.2760162	            0.171814	           0.2805328	            0.181427	          -0.5748291	           0.0115356
3653000000	          -0.5572205	           0.0451965	           0.2780914	           0.1687469	           0.2828827	           0.1782684	          -0.5731506	           0.0103455
3659500000	          -0.5558472	           0.0444641	           0.2801666	           0.1656647	           0.2851868	           0.1750946	          -0.5714722	           0.0091248
3666000000	          -0.5544434	           0.0437317	           0.2821808	           0.1625366	           0.2874298	           0.1718445	          -0.5698242	           0.0078735
3672500000	          -0.5531006	           0.0429993	           0.2841492	           0.1593781	           0.2896729	           0.1685791	          -0.5682983	           0.0066833
3679000000	          -0.5518188	           0.0422058	           0.2860718	           0.1562195	           0.2918243	           0.1652832	          -0.5667725	           0.0053406
3685500000	          -0.5505066	           0.0414124	           0.2879639	           0.1530304	           0.2939606	            0.161972	          -0.5653381	           0.0040588
3692000000	          -0.5492859	           0.0405884	           0.2898407	           0.1498108	           0.2960358	           0.1585693	          -0.5639343	           0.0027161
3698500000	          -0.5480652	           0.0397644	            0.291626	           0.1465607	           0.2980957	           0.1551514	          -0.5625916	           0.0014038
3705000000	          -0.5469055	           0.0388794	           0.2934113	           0.1433105	           0.3000641	           0.1517029	          -0.5613098	           3.05e-005
3711500000	          -0.5457764	           0.0380554	           0.2951508	           0.1399994	           0.3020325	           0.1482697	          -0.5600586	          -0.0013428
3718000000	          -0.5446472	           0.0371094	            0.296814	           0.1367188	           0.3039093	           0.1447296	          -0.5588379	          -0.0027771
3724500000	          -0.5435486	           0.0362244	           0.2984772	           0.1333771	           0.3057861	           0.1412201	          -0.5577087	          -0.0041199
3731000000	           -0.542572	           0.0352173	           0.3000793	           0.1300354	           0.3075714	           0.1376343	          -0.5566711	          -0.0055847
3737500000	          -0.5415344	           0.0342407	           0.3016357	           0.1266632	           0.3093414	            0.134079	           -0.555603	          -0.0070801
3744000000	          -0.5405273	           0.0331726	           0.3031311	            0.123291	           0.3110199	           0.1304169	          -0.5545959	           -0.008606
3750500000	          -0.5395203	            0.032074	           0.3045959	           0.1198578	           0.3126678	           0.1267395	          -0.5536499	          -0.0101318
3757000000	          -0.5387573	           0.0310059	            0.306076	           0.1164551	           0.3143158	           0.1231079	           -0.552887	          -0.0117493
3763500000	          -0.5379028	           0.0298462	           0.3074646	           0.1130066	           0.3158722	           0.1194153	          -0.5520325	          -0.0133362
3770000000	          -0.5371399	            0.028595	           0.3088226	           0.1095581	           0.3173676	           0.1156769	          -0.5513916	          -0.0150452
3776500000	           -0.536377	           0.0272827	           0.3101654	           0.1060638	           0.3188171	            0.111908	          -0.5507202	          -0.0166931
3783000000	          -0.5356445	           0.0258484	           0.3113861	           0.1025543	           0.3201599	           0.1081238	          -0.5500183	          -0.0184937
3789500000	          -0.5350037	           0.0244446	           0.3126678	           0.0990601	           0.3215485	           0.1043396	          -0.5494385	          -0.0203247
3796000000	          -0.5344543	           0.0228271	           0.3138428	           0.0955048	           0.3227997	           0.1004944	          -0.5490417	          -0.0223694
3802500000	          -0.5339966	           0.0212708	           0.3150482	           0.0919647	           0.3241119	           0.0966492	          -0.5487061	           -0.024292
3809000000	          -0.5335693	           0.0194702	           0.3161316	           0.0883942	           0.3253021	           0.0927429	          -0.5484009	          -0.0264893
3815500000	          -0.5332336	           0.0175476	           0.3172913	           0.0848236	           0.3265076	           0.0888824	          -0.5481262	           -0.028717
3822000000	          -0.5328979	           0.0155945	           0.3182983	           0.0812073	           0.3275299	           0.0849457	          -0.5479736	          -0.0310974
3828500000	          -0.5328064	           0.0134277	           0.3192749	           0.0775757	            0.328598	           0.0810394	          -0.5478821	          -0.0335999
3835000000	          -0.5325928	           0.0110474	           0.3202362	           0.0739594	           0.3295593	           0.0769958	          -0.5478821	          -0.0361633
3841500000	          -0.5326233	           0.0083618	           0.3211823	           0.0703125	           0.3305054	           0.0730591	          -0.5479431	          -0.0392456
3848000000	          -0.5325928	           0.0056458	            0.321991	           0.0666199	           0.3313293	           0.0690155	          -0.5481262	          -0.0423584
3854500000	          -0.5325928	           0.0025635	           0.3228455	           0.0629272	           0.3321075	           0.0649872	          -0.5483398	          -0.0458679
3861000000	          -0.5330505	          -0.0008545	           0.3236694	           0.0592346	           0.3328705	           0.0608826	          -0.5487976	          -0.0495605
3867500000	          -0.5334167	          -0.0045776	           0.3244019	            0.055481	           0.3336182	            0.056839	          -0.5492249	          -0.0535889
3874000000	          -0.5340881	          -0.0089417	           0.3251648	            0.051712	            0.334259	           0.0526581	          -0.5498962	           -0.058197
3880500000	          -0.5345459	          -0.0135498	           0.3258209	           0.0479126	           0.3348541	           0.0485687	          -0.5505676	          -0.0632324
3887000000	          -0.5358276	          -0.0187683	           0.3264923	           0.0441284	           0.3354187	           0.0443268	          -0.5518188	          -0.0686951
3893500000	          -0.5368958	          -0.0247192	             0.32724	           0.0403442	           0.3359985	           0.0401459	          -0.5529175	          -0.0750427
3900000000	          -0.5383606	          -0.0315857	           0.3277283	           0.0364075	           0.3362427	           0.0358124	          -0.5542297	          -0.0821838
