! 
! FILENAME PERSPEX_MUT_20mm_TG
# Hz S RI R 50
2600000000	          -0.6400452	           0.1285095	          -0.1700134	          -0.7145996	          -0.1608582	          -0.7216797	          -0.6538696	           0.1104431
2606500000	          -0.6373596	           0.1325684	           -0.175354	          -0.7154236	          -0.1662598	          -0.7230835	          -0.6515808	           0.1127319
2613000000	          -0.6347961	           0.1369324	          -0.1805115	          -0.7157288	          -0.1715393	          -0.7244263	          -0.6492615	            0.115509
2619500000	           -0.632019	           0.1412659	          -0.1860657	          -0.7164612	           -0.177124	          -0.7255554	          -0.6470032	           0.1183167
2626000000	          -0.6293335	            0.145752	          -0.1914978	            -0.71698	          -0.1828613	          -0.7266235	          -0.6448364	           0.1214905
2632500000	          -0.6264038	           0.1502991	          -0.1967773	          -0.7174377	          -0.1885376	          -0.7274475	          -0.6426697	           0.1246338
2639000000	          -0.6234436	           0.1547546	            -0.20224	          -0.7175293	          -0.1940918	          -0.7283936	          -0.6404114	           0.1278992
2645500000	          -0.6203003	           0.1591492	          -0.2075195	          -0.7175598	          -0.1995544	          -0.7286987	          -0.6380615	           0.1312256
2652000000	          -0.6170654	           0.1636353	          -0.2131348	           -0.717865	          -0.2054138	          -0.7293091	          -0.6358643	           0.1346741
2658500000	          -0.6138306	           0.1679993	          -0.2186279	          -0.7178955	          -0.2109375	          -0.7297974	           -0.633606	           0.1380615
2665000000	          -0.6105652	           0.1723633	          -0.2238159	          -0.7179565	          -0.2166443	          -0.7304382	          -0.6314087	           0.1416016
2671500000	          -0.6072388	           0.1766663	          -0.2293396	          -0.7180786	          -0.2223816	           -0.730835	          -0.6292419	           0.1450806
2678000000	          -0.6038513	           0.1809082	          -0.2347107	          -0.7183228	          -0.2279358	          -0.7313232	          -0.6270752	           0.1486816
2684500000	          -0.6003723	           0.1850281	          -0.2401123	          -0.7184143	          -0.2335205	          -0.7318115	          -0.6249084	           0.1521912
2691000000	          -0.5968323	           0.1890564	          -0.2454224	          -0.7183533	          -0.2390747	          -0.7322083	          -0.6225891	           0.1557312
2697500000	          -0.5933838	           0.1930542	          -0.2507629	          -0.7185669	          -0.2446594	           -0.732605	          -0.6204224	           0.1592712
2704000000	          -0.5896301	           0.1968994	          -0.2559814	          -0.7187195	          -0.2500916	          -0.7329102	           -0.618103	           0.1627808
2710500000	          -0.5859985	           0.2006531	          -0.2613831	          -0.7189026	          -0.2556152	          -0.7333679	          -0.6158752	           0.1662903
2717000000	          -0.5823059	           0.2042847	           -0.266571	          -0.7189941	          -0.2611694	          -0.7337646	          -0.6136169	           0.1698914
2723500000	          -0.5785828	           0.2078247	          -0.2719727	          -0.7191162	           -0.266571	          -0.7341309	          -0.6113281	           0.1734314
2730000000	          -0.5748596	           0.2113037	          -0.2772217	          -0.7195129	          -0.2721252	          -0.7346191	          -0.6090698	           0.1769714
2736500000	          -0.5710449	           0.2145691	          -0.2824707	          -0.7197266	          -0.2775879	          -0.7349854	           -0.606781	           0.1805115
2743000000	          -0.5671997	           0.2177734	          -0.2876282	          -0.7198792	          -0.2829895	          -0.7353821	          -0.6043396	            0.184021
2749500000	          -0.5634155	           0.2208862	          -0.2929688	          -0.7200928	          -0.2884216	          -0.7358398	          -0.6020203	              0.1875
2756000000	          -0.5595093	           0.2238159	          -0.2981873	          -0.7204285	          -0.2939148	          -0.7362976	          -0.5995483	             0.19104
2762500000	          -0.5556335	           0.2267151	          -0.3034973	          -0.7206116	          -0.2993164	          -0.7366943	          -0.5970459	           0.1944885
2769000000	          -0.5517273	           0.2294312	          -0.3086853	          -0.7208252	           -0.304718	          -0.7371216	          -0.5944519	            0.197998
2775500000	          -0.5479126	           0.2321167	          -0.3139954	          -0.7211304	          -0.3101501	          -0.7375793	          -0.5919495	           0.2014465
2782000000	          -0.5440063	           0.2346497	          -0.3192749	           -0.721405	          -0.3155823	          -0.7380066	          -0.5892639	           0.2049255
2788500000	          -0.5400391	           0.2370605	          -0.3245239	          -0.7215576	          -0.3210449	          -0.7384338	          -0.5865479	            0.208374
2795000000	          -0.5361633	           0.2393799	          -0.3298645	          -0.7218323	          -0.3265381	             -0.7388	          -0.5837708	            0.211853
2801500000	          -0.5322876	           0.2416077	          -0.3352051	          -0.7219849	          -0.3319702	          -0.7391968	          -0.5809021	           0.2152405
2808000000	          -0.5282898	           0.2437134	          -0.3404846	          -0.7221375	          -0.3374023	          -0.7394714	          -0.5779114	           0.2186279
2814500000	          -0.5244141	           0.2457581	          -0.3458557	            -0.72229	           -0.342926	          -0.7398682	          -0.5749207	           0.2220154
2821000000	          -0.5204773	           0.2477112	          -0.3511963	            -0.72229	          -0.3484497	          -0.7400818	          -0.5717468	           0.2253723
2827500000	          -0.5166016	           0.2495422	          -0.3566589	          -0.7223511	          -0.3540039	          -0.7402954	          -0.5686035	           0.2287292
2834000000	          -0.5126953	           0.2513123	          -0.3620911	          -0.7223206	          -0.3595886	           -0.740448	          -0.5652771	           0.2319946
2840500000	          -0.5087891	           0.2530212	          -0.3674927	          -0.7222595	          -0.3651428	          -0.7406006	          -0.5618591	           0.2352295
2847000000	          -0.5049133	           0.2546387	          -0.3729248	          -0.7221069	          -0.3708191	          -0.7406616	          -0.5583801	           0.2384949
2853500000	          -0.5010986	           0.2562256	           -0.378418	          -0.7218628	          -0.3764038	          -0.7406311	          -0.5547791	           0.2416687
2860000000	          -0.4971466	           0.2576599	          -0.3838806	          -0.7215576	          -0.3820801	           -0.740509	          -0.5510254	           0.2447815
2866500000	          -0.4933472	           0.2590942	          -0.3894043	          -0.7211914	          -0.3877563	          -0.7403564	          -0.5472107	           0.2478638
2873000000	          -0.4895172	            0.260437	          -0.3948975	          -0.7207336	          -0.3934937	          -0.7401428	          -0.5433044	           0.2509155
2879500000	           -0.485672	            0.261795	          -0.4004822	          -0.7202454	           -0.399231	          -0.7398682	          -0.5393372	           0.2538757
2886000000	          -0.4818573	           0.2630768	          -0.4060059	           -0.719574	          -0.4049988	          -0.7394104	          -0.5351868	           0.2567749
2892500000	          -0.4779816	           0.2642822	          -0.4114685	          -0.7188721	          -0.4107361	          -0.7388611	          -0.5309753	           0.2595825
2899000000	          -0.4742126	           0.2654724	          -0.4170227	          -0.7180481	          -0.4165039	          -0.7382507	          -0.5266418	           0.2623596
2905500000	          -0.4704285	           0.2666321	          -0.4225464	          -0.7171631	          -0.4223022	          -0.7375488	          -0.5222473	           0.2650452
2912000000	           -0.466568	           0.2677002	          -0.4280701	           -0.716095	           -0.428009	          -0.7366638	          -0.5176697	           0.2675781
2918500000	          -0.4627686	           0.2687836	          -0.4335938	          -0.7150269	          -0.4338379	          -0.7357788	          -0.5131226	           0.2701111
2925000000	          -0.4589539	           0.2698364	          -0.4390259	          -0.7137756	          -0.4396057	          -0.7347107	          -0.5083923	           0.2724915
2931500000	          -0.4551544	           0.2708588	          -0.4445496	          -0.7124634	          -0.4454041	           -0.733551	          -0.5036316	           0.2748108
2938000000	           -0.451355	           0.2718658	          -0.4500122	          -0.7110901	          -0.4512329	          -0.7322998	          -0.4988098	           0.2769775
2944500000	          -0.4475555	           0.2728577	          -0.4554749	          -0.7095642	          -0.4569702	           -0.730896	          -0.4939117	           0.2790833
2951000000	          -0.4437561	            0.273819	          -0.4608459	          -0.7080078	          -0.4627686	          -0.7294617	          -0.4889374	           0.2810822
2957500000	          -0.4399414	           0.2747498	          -0.4662781	          -0.7063293	          -0.4685059	          -0.7279053	          -0.4839172	           0.2829742
2964000000	          -0.4360962	           0.2756653	          -0.4716797	          -0.7045898	          -0.4742737	          -0.7262573	          -0.4788818	            0.284729
2970500000	          -0.4322815	           0.2765656	          -0.4770203	          -0.7026978	            -0.47995	          -0.7244263	          -0.4737549	           0.2863922
2977000000	          -0.4284058	           0.2774353	          -0.4822693	          -0.7007751	          -0.4856567	          -0.7225647	          -0.4685822	           0.2879181
2983500000	          -0.4245758	           0.2783203	          -0.4875793	           -0.698761	           -0.491333	          -0.7205811	          -0.4634247	           0.2893677
2990000000	          -0.4206848	           0.2791443	          -0.4927979	          -0.6967163	          -0.4970093	          -0.7185669	          -0.4582062	           0.2906647
2996500000	          -0.4167938	           0.2799683	          -0.4979553	          -0.6945801	           -0.502533	          -0.7163696	          -0.4530029	           0.2918854
3003000000	          -0.4129181	           0.2808075	          -0.5031128	          -0.6923828	          -0.5081482	          -0.7141418	          -0.4477844	           0.2929688
3009500000	          -0.4089966	           0.2815857	          -0.5082397	           -0.690094	          -0.5136719	           -0.711853	          -0.4425507	           0.2939606
3016000000	          -0.4049835	           0.2823181	          -0.5133057	          -0.6877747	          -0.5191345	          -0.7094727	          -0.4372711	           0.2947845
3022500000	          -0.4010162	           0.2830353	          -0.5183105	          -0.6853638	          -0.5245667	          -0.7069397	          -0.4320374	           0.2955475
3029000000	           -0.397049	            0.283783	          -0.5233459	          -0.6829834	          -0.5300598	          -0.7044678	          -0.4268341	           0.2962189
3035500000	          -0.3930511	           0.2844391	          -0.5283203	          -0.6804504	          -0.5354004	          -0.7018127	          -0.4216309	           0.2967682
3042000000	          -0.3890228	           0.2850952	          -0.5332336	           -0.677948	          -0.5407715	          -0.6991272	          -0.4164734	            0.297226
3048500000	           -0.384964	           0.2857056	           -0.538147	          -0.6753845	          -0.5461121	          -0.6963501	          -0.4113312	           0.2975922
3055000000	          -0.3809052	           0.2863312	          -0.5430298	          -0.6728516	          -0.5513916	           -0.693634	          -0.4062195	           0.2978668
3061500000	          -0.3768463	           0.2868958	          -0.5479126	          -0.6702271	          -0.5566101	          -0.6908264	          -0.4011383	           0.2980499
3068000000	          -0.3727264	           0.2873993	          -0.5526733	          -0.6675415	          -0.5618286	          -0.6878967	          -0.3961029	            0.298172
3074500000	          -0.3686218	           0.2878723	          -0.5574951	           -0.664917	          -0.5670166	          -0.6850281	          -0.3911133	           0.2982025
3081000000	          -0.3644562	           0.2883148	          -0.5622253	          -0.6622009	          -0.5721741	          -0.6820679	          -0.3861542	           0.2981415
3087500000	          -0.3602905	           0.2886963	          -0.5670471	          -0.6594238	          -0.5772705	          -0.6790161	          -0.3812256	           0.2980347
3094000000	          -0.3560944	           0.2890472	          -0.5717468	          -0.6567078	          -0.5823059	          -0.6759644	           -0.376358	           0.2978516
3100500000	          -0.3519135	           0.2893677	          -0.5764771	          -0.6539612	          -0.5874023	          -0.6729126	          -0.3715668	           0.2976379
3107000000	          -0.3477173	           0.2896118	          -0.5812073	          -0.6511536	          -0.5924072	          -0.6698303	          -0.3667603	           0.2973328
3113500000	          -0.3434601	           0.2898102	          -0.5858459	          -0.6483154	          -0.5973816	          -0.6665955	          -0.3619995	           0.2969666
3120000000	          -0.3392334	           0.2899475	          -0.5905457	          -0.6454773	           -0.602356	          -0.6634827	          -0.3573303	           0.2965851
3126500000	          -0.3349762	           0.2900391	          -0.5952148	          -0.6426392	          -0.6072998	          -0.6602478	          -0.3526764	           0.2961273
3133000000	           -0.330719	           0.2900696	           -0.599884	           -0.639801	          -0.6122131	          -0.6570435	          -0.3480835	           0.2956543
3139500000	          -0.3264771	           0.2900543	          -0.6045532	          -0.6368408	           -0.617157	          -0.6537476	          -0.3435059	            0.295166
3146000000	          -0.3222046	           0.2899628	          -0.6092224	          -0.6339417	          -0.6220398	          -0.6504822	          -0.3390045	           0.2946014
3152500000	          -0.3179321	           0.2898407	          -0.6138916	          -0.6309814	          -0.6269226	          -0.6471558	          -0.3345184	           0.2940063
3159000000	          -0.3137054	           0.2896576	          -0.6185913	          -0.6280518	          -0.6318054	          -0.6438293	          -0.3300781	           0.2934113
3165500000	           -0.309433	           0.2893982	            -0.62323	          -0.6250305	          -0.6366577	          -0.6404419	          -0.3256836	           0.2927856
3172000000	           -0.305191	           0.2890625	          -0.6279297	          -0.6219788	          -0.6414795	          -0.6370239	          -0.3213196	           0.2921143
3178500000	          -0.3009644	           0.2886963	          -0.6325989	           -0.618927	          -0.6463318	           -0.633606	          -0.3169556	           0.2914276
3185000000	          -0.2967224	           0.2882538	          -0.6372986	          -0.6158142	          -0.6511536	          -0.6301575	          -0.3126373	           0.2907257
3191500000	          -0.2924957	           0.2877502	          -0.6419678	          -0.6126709	          -0.6559448	          -0.6265869	          -0.3083496	            0.289978
3198000000	          -0.2883148	           0.2872009	           -0.646698	          -0.6094971	          -0.6607971	          -0.6230469	          -0.3041077	           0.2892303
3204500000	          -0.2841492	           0.2865753	          -0.6513367	          -0.6062927	          -0.6655579	          -0.6195068	           -0.299881	           0.2884827
3211000000	          -0.2799835	           0.2859039	          -0.6560669	          -0.6030273	          -0.6703796	          -0.6159058	          -0.2956696	           0.2877045
3217500000	          -0.2758789	           0.2851868	          -0.6607971	          -0.5997009	          -0.6751709	          -0.6122131	          -0.2914734	           0.2868805
3224000000	          -0.2717743	           0.2843933	          -0.6654663	          -0.5963745	          -0.6799316	           -0.608551	          -0.2873077	           0.2860565
3230500000	          -0.2677002	           0.2835388	          -0.6701355	          -0.5929565	          -0.6846619	          -0.6047974	          -0.2831421	            0.285202
3237000000	          -0.2636566	           0.2826538	          -0.6748962	          -0.5894775	          -0.6894531	          -0.6010132	          -0.2789917	           0.2843475
3243500000	          -0.2596588	           0.2817078	          -0.6795959	          -0.5860291	          -0.6942139	          -0.5971985	          -0.2748718	           0.2834473
3250000000	          -0.2556763	           0.2807007	          -0.6842651	          -0.5823975	          -0.6989441	          -0.5932922	          -0.2707672	           0.2825317
3256500000	          -0.2517242	           0.2796478	          -0.6889343	          -0.5787659	          -0.7036438	           -0.589325	          -0.2666473	           0.2815704
3263000000	           -0.247818	            0.278595	          -0.6936646	          -0.5751343	          -0.7084045	          -0.5853882	          -0.2625732	           0.2806396
3269500000	          -0.2439728	           0.2774811	          -0.6983337	          -0.5714111	          -0.7131042	          -0.5813599	          -0.2584839	           0.2796478
3276000000	          -0.2401123	           0.2762756	          -0.7029419	          -0.5675659	          -0.7177429	          -0.5772705	          -0.2544098	           0.2786255
3282500000	          -0.2363586	           0.2751007	          -0.7076416	          -0.5637512	          -0.7224426	          -0.5731506	           -0.250351	           0.2775726
3289000000	          -0.2325897	           0.2738647	          -0.7122803	          -0.5597839	          -0.7270813	          -0.5689392	          -0.2463074	           0.2765045
3295500000	          -0.2288818	            0.272583	          -0.7168884	          -0.5558472	            -0.73172	          -0.5647278	          -0.2422943	           0.2753906
3302000000	          -0.2252197	           0.2712708	          -0.7214966	          -0.5518188	          -0.7363586	          -0.5604248	          -0.2382813	           0.2742462
3308500000	          -0.2216034	           0.2699738	          -0.7261047	          -0.5477905	          -0.7409668	          -0.5560913	          -0.2342834	           0.2730713
3315000000	          -0.2180023	           0.2686157	          -0.7306824	          -0.5436401	          -0.7454834	          -0.5516968	          -0.2302551	           0.2718658
3321500000	          -0.2144928	           0.2672729	          -0.7352905	          -0.5394592	          -0.7500916	          -0.5472717	          -0.2263336	           0.2706299
3328000000	          -0.2109833	           0.2658539	          -0.7398071	          -0.5351868	          -0.7546082	          -0.5427551	          -0.2223511	           0.2693329
3334500000	          -0.2075195	           0.2644501	          -0.7443237	          -0.5308838	          -0.7591248	           -0.538208	          -0.2184143	           0.2680206
3341000000	           -0.204071	           0.2630157	          -0.7487488	          -0.5264893	          -0.7635803	          -0.5335999	          -0.2145081	           0.2666473
3347500000	          -0.2006683	           0.2615509	          -0.7531433	          -0.5220337	          -0.7679749	          -0.5288696	          -0.2106018	           0.2652283
3354000000	          -0.1973267	           0.2601166	          -0.7576294	          -0.5176086	          -0.7724915	          -0.5242004	          -0.2067413	           0.2637939
3360500000	           -0.193985	            0.258667	          -0.7620544	          -0.5131226	           -0.776886	          -0.5194702	          -0.2028961	           0.2623138
3367000000	          -0.1906738	           0.2571716	          -0.7663879	          -0.5084839	          -0.7812195	          -0.5146179	          -0.1990509	           0.2607727
3373500000	          -0.1874084	           0.2556763	          -0.7707825	          -0.5038757	           -0.785553	          -0.5097351	          -0.1952667	            0.259201
3380000000	          -0.1841583	           0.2541809	          -0.7750549	          -0.4992065	           -0.789856	          -0.5048523	          -0.1914978	           0.2575989
3386500000	          -0.1809387	           0.2527008	          -0.7793579	          -0.4945068	          -0.7941589	          -0.4998779	          -0.1877441	           0.2559509
3393000000	          -0.1777191	           0.2511749	          -0.7836304	          -0.4896851	          -0.7984009	           -0.494873	           -0.184021	           0.2542572
3399500000	          -0.1745224	           0.2496414	          -0.7878113	          -0.4848633	          -0.8025818	          -0.4897766	          -0.1803131	           0.2525024
3406000000	          -0.1713562	           0.2481155	          -0.7920227	           -0.480011	          -0.8067932	          -0.4847107	          -0.1766663	           0.2507324
3412500000	            -0.16819	            0.246582	          -0.7961426	          -0.4750977	          -0.8108826	          -0.4795227	          -0.1730347	            0.248909
3419000000	          -0.1650238	           0.2450409	          -0.8003235	          -0.4701538	           -0.815033	          -0.4743958	           -0.169426	           0.2470474
3425500000	          -0.1618729	           0.2434769	          -0.8043823	          -0.4651489	          -0.8190613	          -0.4691162	           -0.165863	           0.2451248
3432000000	          -0.1587296	           0.2418823	          -0.8084106	           -0.460144	          -0.8230591	          -0.4638977	          -0.1623154	            0.243187
3438500000	          -0.1555939	           0.2402954	          -0.8123779	          -0.4550171	          -0.8269653	          -0.4584961	          -0.1587982	            0.241188
3445000000	          -0.1524506	           0.2386856	          -0.8164063	          -0.4499817	          -0.8309326	           -0.453186	          -0.1553345	           0.2391663
3451500000	          -0.1493149	           0.2370682	           -0.820282	          -0.4448242	          -0.8347778	          -0.4477844	           -0.151886	           0.2370834
3458000000	          -0.1461792	           0.2354126	          -0.8241882	          -0.4396362	           -0.838623	          -0.4423523	          -0.1484909	           0.2349625
3464500000	          -0.1430435	           0.2337494	          -0.8280334	          -0.4344177	          -0.8424072	          -0.4369202	          -0.1451187	           0.2327957
3471000000	          -0.1398849	            0.232048	          -0.8318176	          -0.4291382	          -0.8461609	          -0.4313965	          -0.1417542	           0.2306061
3477500000	          -0.1367416	           0.2303162	          -0.8355713	          -0.4238281	           -0.849823	          -0.4258423	           -0.138443	           0.2283554
3484000000	          -0.1335983	           0.2285614	           -0.839325	          -0.4185486	          -0.8535156	          -0.4203186	            -0.13517	           0.2260971
3490500000	          -0.1304321	           0.2267838	          -0.8429565	           -0.413208	          -0.8571167	          -0.4146729	          -0.1319199	           0.2237549
3497000000	           -0.127243	           0.2249298	          -0.8465881	          -0.4078369	          -0.8606262	          -0.4090576	          -0.1287155	           0.2213821
3503500000	          -0.1240845	           0.2230759	          -0.8502502	          -0.4024658	          -0.8641968	          -0.4034119	          -0.1255341	           0.2189941
3510000000	          -0.1209106	           0.2211304	          -0.8538208	          -0.3970032	          -0.8676147	          -0.3977661	          -0.1223907	           0.2165375
3516500000	          -0.1177368	           0.2192154	          -0.8573914	          -0.3916016	          -0.8711548	          -0.3921204	          -0.1192932	           0.2140732
3523000000	          -0.1145325	           0.2171936	          -0.8608398	          -0.3860779	          -0.8744202	          -0.3863831	           -0.116188	           0.2115479
3529500000	          -0.1113586	           0.2151184	          -0.8642578	          -0.3806152	          -0.8777161	          -0.3806152	          -0.1131439	           0.2089691
3536000000	          -0.1081619	           0.2129974	          -0.8676453	          -0.3750305	          -0.8810425	          -0.3748474	          -0.1101303	           0.2063828
3542500000	          -0.1049805	           0.2108459	          -0.8709412	          -0.3695068	          -0.8842163	          -0.3690186	          -0.1071472	           0.2037354
3549000000	          -0.1017609	           0.2085953	          -0.8742676	          -0.3638916	          -0.8873596	          -0.3632202	          -0.1042023	           0.2010574
3555500000	          -0.0986023	           0.2062988	          -0.8775024	          -0.3582764	          -0.8905029	          -0.3574219	          -0.1012878	           0.1983261
3562000000	          -0.0954361	           0.2039337	          -0.8807373	          -0.3526611	          -0.8935547	           -0.351532	          -0.0983963	           0.1955719
3568500000	          -0.0922699	           0.2015381	          -0.8838806	          -0.3470459	          -0.8966064	          -0.3456726	          -0.0955582	           0.1927643
3575000000	           -0.089119	           0.1990433	          -0.8869934	          -0.3413391	          -0.8995361	          -0.3397827	          -0.0927277	           0.1899338
3581500000	          -0.0860138	           0.1965027	          -0.8900757	          -0.3356018	          -0.9024963	          -0.3338623	          -0.0899887	           0.1870804
3588000000	          -0.0828934	           0.1938934	          -0.8930664	          -0.3298645	           -0.905365	          -0.3279114	          -0.0872192	           0.1841965
3594500000	           -0.079834	           0.1912155	          -0.8960876	          -0.3241272	          -0.9081726	          -0.3219299	          -0.0845032	           0.1812592
3601000000	          -0.0767441	           0.1884384	          -0.8989563	          -0.3182373	          -0.9108887	           -0.315918	          -0.0818253	           0.1782684
3607500000	          -0.0737381	           0.1856537	          -0.9019165	          -0.3124084	          -0.9136658	          -0.3098755	          -0.0792084	           0.1752777
3614000000	          -0.0707626	           0.1827698	          -0.9048157	          -0.3065186	          -0.9163818	          -0.3038025	          -0.0766068	           0.1722641
3620500000	          -0.0678253	           0.1798706	          -0.9076843	          -0.3006592	          -0.9190979	          -0.2977295	          -0.0740814	           0.1692352
3627000000	           -0.064888	           0.1768341	          -0.9103394	          -0.2946777	          -0.9215698	          -0.2915649	          -0.0715256	           0.1661301
3633500000	          -0.0620575	           0.1737823	          -0.9131165	          -0.2886353	          -0.9241333	          -0.2853699	          -0.0690842	           0.1630402
3640000000	          -0.0592499	           0.1706848	           -0.915802	          -0.2825928	          -0.9266357	          -0.2791443	          -0.0666275	           0.1599274
3646500000	          -0.0565033	           0.1675415	           -0.918396	          -0.2765198	          -0.9290771	          -0.2728882	          -0.0642548	           0.1567917
3653000000	          -0.0537949	           0.1643143	           -0.921051	          -0.2703247	          -0.9314575	           -0.266571	          -0.0619202	           0.1536407
3659500000	          -0.0511703	           0.1610641	          -0.9235535	          -0.2641296	          -0.9338074	          -0.2602234	          -0.0596313	           0.1504593
3666000000	          -0.0486145	           0.1577606	          -0.9261475	           -0.257843	          -0.9362183	          -0.2537842	          -0.0573883	           0.1473007
3672500000	          -0.0461121	           0.1544418	          -0.9285889	          -0.2515564	          -0.9384766	           -0.247345	          -0.0551758	           0.1440964
3679000000	          -0.0436554	           0.1510468	          -0.9310608	          -0.2451782	          -0.9407043	          -0.2408142	          -0.0530167	            0.140892
3685500000	          -0.0413055	           0.1476517	          -0.9333496	           -0.238678	          -0.9427795	          -0.2341919	          -0.0509262	           0.1376724
3692000000	          -0.0390015	           0.1442337	          -0.9356995	          -0.2321167	          -0.9450073	          -0.2275391	          -0.0488434	            0.134491
3698500000	          -0.0368118	           0.1407623	          -0.9379578	          -0.2254944	          -0.9470215	          -0.2207336	          -0.0468521	           0.1312714
3705000000	          -0.0346375	            0.137291	          -0.9402466	            -0.21875	          -0.9490967	          -0.2139282	          -0.0448761	            0.128067
3711500000	          -0.0326004	            0.133812	          -0.9425049	          -0.2119751	          -0.9510803	          -0.2070313	         -0.04298401	           0.1248932
3718000000	          -0.0306396	           0.1302948	          -0.9446716	          -0.2050781	          -0.9530945	          -0.2000122	         -0.04114151	           0.1217117
3724500000	          -0.0287399	           0.1268463	          -0.9468384	          -0.1981506	          -0.9550781	          -0.1930237	         -0.03935242	           0.1185074
3731000000	         -0.02687073	           0.1233025	          -0.9488831	          -0.1911316	          -0.9568176	          -0.1859131	         -0.03757477	           0.1153412
3737500000	          -0.0251503	           0.1198349	          -0.9509277	           -0.184021	          -0.9586792	          -0.1786804	         -0.03590393	           0.1122055
3744000000	         -0.02346039	           0.1162949	          -0.9527283	          -0.1766357	          -0.9602966	          -0.1712952	         -0.03419495	           0.1090279
3750500000	         -0.02192688	           0.1128998	          -0.9547729	          -0.1693726	          -0.9621277	          -0.1639099	         -0.03261185	           0.1059341
3757000000	          -0.0203743	           0.1093788	          -0.9565735	          -0.1618958	          -0.9637146	           -0.156311	         -0.03106689	           0.1028366
3763500000	         -0.01895905	           0.1059418	           -0.958252	          -0.1543884	          -0.9651794	          -0.1488647	         -0.02957153	          0.09973526
3770000000	         -0.01760864	           0.1024742	           -0.960022	           -0.146698	          -0.9667358	          -0.1410828	         -0.02812195	          0.09666824
3776500000	         -0.01634979	          0.09914017	          -0.9617004	          -0.1390686	          -0.9681091	          -0.1333923	         -0.02671814	          0.09360886
3783000000	         -0.01509094	           0.0956955	          -0.9633789	          -0.1312256	           -0.969574	          -0.1255493	         -0.02534103	          0.09059143
3789500000	          -0.0140419	          0.09234619	          -0.9648743	          -0.1233215	          -0.9707336	          -0.1176453	         -0.02408981	          0.08759689
3796000000	         -0.01296616	          0.08901596	          -0.9663086	          -0.1153259	          -0.9719849	          -0.1096191	         -0.02276993	          0.08462524
3802500000	          -0.0120163	          0.08572388	          -0.9676208	          -0.1072388	           -0.973053	           -0.101532	           -0.021595	          0.08166504
3809000000	         -0.01107025	          0.08238602	          -0.9689026	          -0.0990906	          -0.9742432	          -0.0932922	         -0.02045059	           0.0786972
3815500000	         -0.01020432	          0.07917023	          -0.9702454	          -0.0908203	          -0.9751587	           -0.085144	         -0.01935196	          0.07579422
3822000000	         -0.00937271	          0.07588577	          -0.9712524	           -0.082428	          -0.9760132	          -0.0767517	         -0.01818466	          0.07286835
3828500000	         -0.00865555	          0.07276154	          -0.9724121	          -0.0740967	          -0.9769897	          -0.0683594	         -0.01715088	          0.06994629
3835000000	         -0.00792694	          0.06941223	          -0.9733887	          -0.0656128	          -0.9775085	          -0.0599976	         -0.01609802	          0.06697464
3841500000	          -0.0073204	          0.06627655	          -0.9741516	          -0.0570984	          -0.9782715	          -0.0515442	         -0.01521683	          0.06414032
3848000000	         -0.00678253	          0.06310272	           -0.974884	          -0.0485535	          -0.9786987	          -0.0430298	         -0.01415062	          0.06123543
3854500000	         -0.00626564	          0.05995941	          -0.9751587	          -0.0400391	          -0.9787292	           -0.034668	         -0.01321983	          0.05831146
3861000000	         -0.00575447	          0.05669403	          -0.9757385	          -0.0314026	          -0.9790955	          -0.0258789	         -0.01231384	          0.05543327
3867500000	         -0.00538635	          0.05361366	          -0.9761047	          -0.0229797	          -0.9790344	          -0.0175476	         -0.01150513	          0.05249405
3874000000	         -0.00493813	          0.05032921	          -0.9764709	          -0.0143127	           -0.979126	          -0.0091553	         -0.01070976	          0.04945564
3880500000	         -0.00455666	           0.0471859	           -0.976593	          -0.0057068	           -0.979126	          -0.0009155	         -0.00977707	          0.04648209
3887000000	         -0.00412941	          0.04383469	          -0.9761963	           0.0026245	          -0.9786987	           0.0074463	         -0.00893974	          0.04333496
3893500000	         -0.00404739	           0.0405674	          -0.9762878	           0.0108948	          -0.9782104	            0.015686	         -0.00809479	          0.04021645
3900000000	         -0.00359535	          0.03710938	          -0.9753418	           0.0191345	          -0.9775696	           0.0236816	         -0.00713539	          0.03699875
