! 
! FILENAME PERSPEX_MUT_20mm_NTG
# Hz S RI R 50
2600000000	          -0.6502686	           0.1559143	          -0.1852722	          -0.7098083	          -0.1823425	          -0.7140503	          -0.6763611	           0.1287537
2606500000	          -0.6467285	           0.1617126	          -0.1902466	          -0.7115784	           -0.188446	          -0.7162476	          -0.6723328	           0.1344299
2613000000	          -0.6434021	           0.1644897	          -0.1963501	          -0.7145691	          -0.1945496	          -0.7174988	           -0.668396	            0.137207
2619500000	          -0.6390686	           0.1703796	          -0.2018738	          -0.7148132	          -0.1988525	          -0.7171936	          -0.6632996	            0.143158
2626000000	           -0.634552	           0.1723328	          -0.2075195	          -0.7157593	          -0.2011719	          -0.7178955	          -0.6589355	           0.1454163
2632500000	          -0.6290283	           0.1763916	          -0.2119751	           -0.716217	          -0.2037354	          -0.7205505	          -0.6544189	           0.1503296
2639000000	           -0.624054	           0.1769409	          -0.2174683	          -0.7185669	          -0.2085571	          -0.7251587	          -0.6508484	           0.1517639
2645500000	           -0.618927	           0.1798401	          -0.2233887	          -0.7197266	          -0.2160034	          -0.7282104	          -0.6467285	           0.1555481
2652000000	          -0.6157227	           0.1793518	          -0.2314148	           -0.721283	          -0.2245178	           -0.729187	          -0.6437683	           0.1550598
2658500000	          -0.6125488	           0.1827393	          -0.2388611	          -0.7197266	           -0.231842	          -0.7272339	          -0.6405029	             0.15802
2665000000	          -0.6101379	            0.183075	          -0.2455139	          -0.7172546	          -0.2369995	          -0.7242432	          -0.6376953	           0.1569214
2671500000	          -0.6073608	           0.1867676	          -0.2488098	          -0.7143555	          -0.2396851	          -0.7228394	          -0.6346436	           0.1594849
2678000000	          -0.6062012	           0.1879578	          -0.2514648	           -0.713623	          -0.2421875	          -0.7241211	          -0.6334229	           0.1600037
2684500000	          -0.6034546	           0.1922607	           -0.254303	          -0.7145386	            -0.24646	          -0.7262573	           -0.631073	           0.1648865
2691000000	          -0.6014709	           0.1940918	          -0.2595215	          -0.7164917	          -0.2523804	          -0.7277527	          -0.6293335	           0.1681519
2697500000	          -0.5985107	           0.1990662	           -0.264801	          -0.7163696	          -0.2576294	          -0.7277832	          -0.6263733	           0.1741638
2704000000	          -0.5950623	           0.2019043	           -0.270874	          -0.7151184	          -0.2615662	          -0.7269897	          -0.6231079	           0.1775818
2710500000	          -0.5905457	           0.2070618	          -0.2737122	          -0.7137756	           -0.263855	          -0.7270508	          -0.6192322	           0.1821289
2717000000	          -0.5857239	           0.2090759	          -0.2765198	          -0.7136841	          -0.2661438	          -0.7295837	          -0.6160583	           0.1836243
2723500000	           -0.580658	           0.2137756	          -0.2791443	          -0.7156372	          -0.2704468	          -0.7330627	          -0.6118469	           0.1877136
2730000000	          -0.5756226	             0.21521	          -0.2845154	          -0.7182007	          -0.2770386	          -0.7364807	          -0.6077881	           0.1887207
2736500000	          -0.5706177	           0.2183533	          -0.2904053	          -0.7197876	          -0.2844543	          -0.7375488	          -0.6028748	           0.1916199
2743000000	          -0.5666809	           0.2187195	          -0.2973938	          -0.7191467	           -0.291748	          -0.7368469	          -0.5985107	           0.1912537
2749500000	          -0.5627136	           0.2214355	           -0.302002	          -0.7180481	          -0.2959595	          -0.7354736	          -0.5944519	           0.1931458
2756000000	          -0.5596008	           0.2209778	          -0.3056946	          -0.7167358	          -0.2993164	          -0.7355042	          -0.5926514	           0.1923523
2762500000	          -0.5561829	           0.2234192	          -0.3087769	          -0.7175598	          -0.3034973	          -0.7371521	          -0.5911865	           0.1956177
2769000000	          -0.5531921	           0.2236938	          -0.3138123	          -0.7190247	          -0.3093872	          -0.7389832	          -0.5908813	           0.1967773
2775500000	          -0.5502319	           0.2270203	          -0.3198853	           -0.719635	          -0.3158875	           -0.739563	          -0.5895691	           0.2006531
2782000000	          -0.5481262	           0.2284241	           -0.325531	          -0.7174377	          -0.3220215	          -0.7384338	          -0.5889893	           0.2020264
2788500000	          -0.5454712	           0.2332764	          -0.3286743	          -0.7155457	          -0.3265686	          -0.7373352	          -0.5870361	           0.2061462
2795000000	           -0.542511	           0.2362976	          -0.3305054	          -0.7149353	          -0.3302307	          -0.7368469	           -0.585083	           0.2079773
2801500000	           -0.538269	           0.2416992	          -0.3328247	          -0.7171326	           -0.334137	          -0.7372437	          -0.5817261	            0.212738
2808000000	          -0.5336609	           0.2441711	           -0.336731	          -0.7196655	          -0.3393555	          -0.7377625	          -0.5779724	           0.2157593
2814500000	          -0.5284119	             0.24823	          -0.3424683	          -0.7215576	          -0.3440247	          -0.7371826	          -0.5729065	           0.2210693
2821000000	          -0.5232849	           0.2493591	          -0.3485413	          -0.7213745	          -0.3479309	          -0.7362061	          -0.5680847	           0.2234497
2827500000	          -0.5179749	           0.2526245	          -0.3534851	          -0.7211304	          -0.3501587	          -0.7363586	           -0.563324	           0.2274475
2834000000	          -0.5129089	           0.2532654	          -0.3573303	          -0.7206726	          -0.3527527	          -0.7388611	          -0.5596313	           0.2286377
2840500000	          -0.5068054	            0.256012	          -0.3609009	          -0.7217407	          -0.3571472	          -0.7427368	          -0.5559387	           0.2316895
2847000000	          -0.5003357	           0.2554932	          -0.3650818	          -0.7237244	          -0.3644104	          -0.7465515	          -0.5533142	           0.2319946
2853500000	          -0.4949188	           0.2560883	           -0.370697	          -0.7264099	          -0.3729248	          -0.7478638	          -0.5501709	           0.2338257
2860000000	          -0.4912567	           0.2535706	          -0.3780212	          -0.7280273	          -0.3815613	          -0.7466736	          -0.5483093	           0.2330017
2866500000	          -0.4888153	           0.2542114	          -0.3858643	          -0.7284241	          -0.3877563	          -0.7446899	          -0.5463562	           0.2349548
2873000000	          -0.4880219	           0.2539215	          -0.3933105	          -0.7275696	          -0.3928833	          -0.7438049	           -0.545929	           0.2355652
2879500000	          -0.4866028	           0.2564697	          -0.3999634	          -0.7263489	          -0.3988037	          -0.7446899	          -0.5444946	           0.2398682
2886000000	          -0.4855499	           0.2575226	          -0.4060364	          -0.7245789	          -0.4079895	           -0.744873	          -0.5436401	           0.2443542
2892500000	          -0.4835358	           0.2608795	          -0.4125366	           -0.723114	          -0.4170837	          -0.7416687	          -0.5412292	           0.2515259
2899000000	          -0.4817352	           0.2637024	          -0.4186707	          -0.7210083	          -0.4236145	          -0.7348328	          -0.5379639	           0.2572937
2905500000	          -0.4778595	           0.2684174	          -0.4239502	          -0.7189636	          -0.4247437	          -0.7301636	          -0.5338135	            0.263855
2912000000	          -0.4729462	           0.2712402	          -0.4284668	          -0.7175598	          -0.4239197	          -0.7303467	          -0.5296326	            0.267395
2918500000	          -0.4668274	            0.275589	          -0.4331665	          -0.7171021	          -0.4264526	           -0.734436	          -0.5243835	           0.2727661
2925000000	          -0.4590912	           0.2766876	          -0.4386902	          -0.7164307	          -0.4339294	          -0.7384644	          -0.5167236	           0.2778931
2931500000	          -0.4523926	           0.2787476	          -0.4447937	          -0.7148743	          -0.4431152	          -0.7388306	          -0.5077515	           0.2820435
2938000000	          -0.4476013	           0.2776184	          -0.4508972	          -0.7128296	          -0.4527588	          -0.7355347	          -0.4996185	           0.2829437
2944500000	          -0.4430237	           0.2785034	          -0.4559631	          -0.7106323	          -0.4586792	          -0.7310181	          -0.4917145	           0.2846222
2951000000	           -0.438385	           0.2766571	          -0.4608765	          -0.7086792	          -0.4616394	          -0.7273865	          -0.4853668	           0.2836304
2957500000	          -0.4332886	           0.2762604	          -0.4654541	          -0.7073364	          -0.4644775	          -0.7277222	           -0.480484	           0.2849579
2964000000	          -0.4295044	           0.2735291	          -0.4710999	          -0.7068787	          -0.4701538	          -0.7294922	          -0.4768524	           0.2854614
2970500000	          -0.4261322	           0.2725372	          -0.4771423	          -0.7059631	          -0.4781189	          -0.7304382	          -0.4730835	           0.2880707
2977000000	           -0.424881	           0.2699585	          -0.4846497	          -0.7044067	          -0.4877014	          -0.7286682	          -0.4697876	           0.2889099
2983500000	          -0.4237671	           0.2714691	           -0.491333	          -0.7014771	          -0.4953918	          -0.7245178	          -0.4658966	           0.2913666
2990000000	           -0.423233	           0.2728882	          -0.4973755	          -0.6981201	          -0.5006409	          -0.7195435	          -0.4624176	            0.291748
2996500000	          -0.4208069	           0.2760468	          -0.5018005	          -0.6945496	          -0.5042725	          -0.7171936	          -0.4578094	           0.2942657
3003000000	          -0.4183807	           0.2778778	          -0.5062256	          -0.6920166	          -0.5092773	          -0.7160645	          -0.4529419	           0.2952728
3009500000	          -0.4150543	           0.2813263	          -0.5110474	           -0.690155	          -0.5159607	          -0.7147827	          -0.4468384	           0.2987061
3016000000	          -0.4117432	           0.2833862	          -0.5166321	          -0.6872253	          -0.5231628	          -0.7110901	          -0.4397736	           0.3003845
3022500000	          -0.4069824	           0.2869263	          -0.5210266	          -0.6836853	          -0.5284119	          -0.7072754	          -0.4326172	           0.3030853
3029000000	          -0.4012451	           0.2883148	          -0.5249939	           -0.680481	          -0.5320435	          -0.7034302	           -0.425354	           0.3036194
3035500000	          -0.3948059	           0.2906189	          -0.5281372	          -0.6784363	          -0.5361938	          -0.7023926	           -0.418808	            0.305481
3042000000	          -0.3883057	           0.2900696	          -0.5328979	          -0.6772766	          -0.5421753	          -0.7016602	          -0.4127502	           0.3053131
3048500000	          -0.3821869	            0.290741	          -0.5378113	          -0.6761169	           -0.549469	          -0.7002258	          -0.4064941	           0.3062592
3055000000	           -0.377182	           0.2886047	          -0.5444946	          -0.6741028	          -0.5568237	          -0.6959534	          -0.3997345	            0.304184
3061500000	          -0.3724976	           0.2888947	          -0.5497131	          -0.6712646	          -0.5626526	            -0.69104	          -0.3932953	           0.3029785
3068000000	          -0.3685455	           0.2877808	          -0.5556946	          -0.6678467	          -0.5673523	          -0.6854248	          -0.3874817	           0.2991333
3074500000	             -0.3638	           0.2881317	          -0.5602112	          -0.6646729	          -0.5705261	          -0.6817627	          -0.3821716	           0.2973175
3081000000	          -0.3599396	           0.2858429	          -0.5648804	          -0.6609802	          -0.5744324	          -0.6791077	          -0.3778381	           0.2940216
3087500000	          -0.3561401	            0.285202	          -0.5687256	          -0.6585693	          -0.5789795	           -0.677124	          -0.3740997	           0.2936249
3094000000	          -0.3536682	             0.28302	          -0.5743103	          -0.6557007	          -0.5848999	          -0.6739197	          -0.3706818	           0.2919922
3100500000	          -0.3510132	           0.2830811	          -0.5796509	          -0.6530762	          -0.5901794	          -0.6699829	          -0.3667297	           0.2920837
3107000000	          -0.3489685	           0.2816162	          -0.5859375	          -0.6476135	          -0.5944519	           -0.664856	          -0.3637238	           0.2903442
3113500000	          -0.3466797	           0.2823944	           -0.589447	          -0.6417847	          -0.5974426	          -0.6613159	          -0.3606415	           0.2892914
3120000000	          -0.3463898	           0.2820587	          -0.5898438	          -0.6346436	          -0.5993652	          -0.6573792	          -0.3600311	           0.2851868
3126500000	          -0.3455505	           0.2865601	          -0.5880127	          -0.6342468	          -0.6010132	          -0.6572266	          -0.3615265	           0.2858734
3133000000	          -0.3414307	           0.2911835	          -0.5906982	          -0.6371155	          -0.6075134	          -0.6579285	          -0.3602905	           0.2899017
3139500000	          -0.3353424	           0.2946777	          -0.5967407	          -0.6381226	          -0.6147156	          -0.6549683	           -0.354248	           0.2935944
3146000000	           -0.329071	           0.2957764	          -0.6045837	          -0.6363525	          -0.6207275	          -0.6488953	          -0.3472137	           0.2946014
3152500000	          -0.3223114	           0.2971954	          -0.6103821	          -0.6336975	          -0.6237183	          -0.6454163	          -0.3404541	           0.2958832
3159000000	          -0.3154755	           0.2963715	          -0.6159058	          -0.6299438	          -0.6273193	           -0.643219	          -0.3340759	           0.2956238
3165500000	           -0.308548	           0.2962952	          -0.6209412	          -0.6282654	          -0.6323242	           -0.642395	          -0.3274689	           0.2969666
3172000000	          -0.3018799	           0.2938995	          -0.6269226	          -0.6254272	          -0.6395569	          -0.6403198	          -0.3211823	            0.296463
3178500000	          -0.2963104	           0.2926025	          -0.6323242	          -0.6228638	          -0.6459961	           -0.637207	          -0.3154449	           0.2960358
3185000000	          -0.2918091	           0.2895508	          -0.6382751	          -0.6184692	          -0.6523132	          -0.6318054	          -0.3104095	           0.2929688
3191500000	          -0.2875977	           0.2881927	          -0.6434631	          -0.6147766	          -0.6566467	          -0.6272583	           -0.306015	           0.2909698
3198000000	          -0.2841034	           0.2854767	          -0.6482849	          -0.6096802	          -0.6602783	          -0.6225281	          -0.3026886	            0.287262
3204500000	          -0.2804108	           0.2847137	          -0.6520081	          -0.6058655	          -0.6642456	          -0.6196899	          -0.2991028	           0.2860718
3211000000	          -0.2773132	           0.2825012	          -0.6557922	          -0.6019897	          -0.6694336	          -0.6170044	          -0.2956696	           0.2839661
3217500000	          -0.2740326	           0.2814941	           -0.659729	          -0.5993958	          -0.6751099	          -0.6142578	          -0.2913818	           0.2837677
3224000000	          -0.2718353	           0.2799835	          -0.6646729	          -0.5963135	          -0.6817627	          -0.6093445	          -0.2876282	           0.2826233
3230500000	          -0.2689514	           0.2806091	          -0.6700745	          -0.5939941	          -0.6864624	          -0.6045227	          -0.2839966	           0.2828369
3237000000	          -0.2655029	           0.2805023	          -0.6752319	          -0.5898743	           -0.690033	          -0.5993652	          -0.2811584	           0.2822571
3243500000	          -0.2613678	           0.2815857	          -0.6793213	          -0.5861816	          -0.6930542	          -0.5966187	          -0.2781219	            0.283371
3250000000	          -0.2567444	           0.2815094	          -0.6831665	          -0.5827332	          -0.6977234	          -0.5943909	          -0.2751007	           0.2836914
3256500000	          -0.2518921	           0.2817688	          -0.6876221	          -0.5806885	           -0.703064	          -0.5921936	          -0.2705994	           0.2846527
3263000000	          -0.2476501	           0.2806702	          -0.6931763	          -0.5774231	          -0.7093201	           -0.587738	          -0.2651062	           0.2836761
3269500000	          -0.2437592	            0.280838	          -0.6985168	           -0.574707	          -0.7149353	          -0.5832214	          -0.2595825	           0.2831421
3276000000	          -0.2397461	           0.2798767	          -0.7043762	          -0.5706482	          -0.7195129	          -0.5778503	          -0.2540131	           0.2811737
3282500000	          -0.2349396	           0.2796783	          -0.7096863	          -0.5664978	          -0.7235413	          -0.5740967	          -0.2484131	           0.2806702
3289000000	          -0.2301636	           0.2772827	          -0.7152405	           -0.561554	          -0.7286682	          -0.5699768	          -0.2432098	           0.2787781
3295500000	          -0.2251892	           0.2755585	          -0.7199402	          -0.5569763	          -0.7338867	          -0.5661011	          -0.2378845	           0.2780914
3302000000	          -0.2213287	           0.2721252	          -0.7245483	           -0.552063	           -0.739502	          -0.5606995	          -0.2334595	           0.2757416
3308500000	          -0.2177887	           0.2696686	          -0.7287292	          -0.5477295	           -0.743927	          -0.5561523	          -0.2294312	           0.2744904
3315000000	          -0.2152557	            0.266861	          -0.7329712	          -0.5427856	          -0.7478638	          -0.5504456	          -0.2267151	           0.2713165
3321500000	          -0.2120514	           0.2655029	          -0.7365417	          -0.5383911	          -0.7510986	          -0.5466309	          -0.2240753	           0.2696228
3328000000	          -0.2095184	           0.2625275	          -0.7407532	          -0.5333557	          -0.7552185	          -0.5422668	          -0.2217102	           0.2667999
3334500000	          -0.2069702	           0.2612305	          -0.7443542	          -0.5294495	          -0.7597961	          -0.5385437	           -0.218399	           0.2655792
3341000000	          -0.2052917	           0.2592468	          -0.7483215	          -0.5247803	          -0.7654114	          -0.5328979	          -0.2148438	           0.2629395
3347500000	          -0.2032318	           0.2586517	          -0.7519836	          -0.5210876	          -0.7697449	          -0.5273743	           -0.210968	           0.2618408
3354000000	          -0.2008972	           0.2575531	          -0.7569885	          -0.5168762	          -0.7728271	          -0.5206604	          -0.2076416	           0.2602692
3360500000	          -0.1975098	           0.2574158	           -0.761322	          -0.5126648	          -0.7749023	          -0.5167847	          -0.2041779	           0.2606049
3367000000	          -0.1937866	           0.2559967	          -0.7661743	          -0.5074768	           -0.777832	          -0.5137329	          -0.2008057	           0.2605743
3373500000	          -0.1895752	           0.2553101	          -0.7700195	          -0.5032349	          -0.7825012	          -0.5115967	          -0.1967773	           0.2614594
3380000000	          -0.1858521	           0.2535095	           -0.774353	          -0.4984131	          -0.7885437	          -0.5079651	          -0.1927185	           0.2610474
3386500000	          -0.1821899	           0.2529144	          -0.7781067	          -0.4946289	          -0.7941589	          -0.5033569	          -0.1886139	           0.2601624
3393000000	          -0.1788177	           0.2518005	          -0.7829895	          -0.4901428	          -0.7993164	          -0.4961548	          -0.1850891	           0.2573395
3399500000	          -0.1752472	           0.2514954	          -0.7872925	          -0.4862366	          -0.8030701	          -0.4908752	          -0.1810455	           0.2549438
3406000000	          -0.1715698	           0.2493744	          -0.7918091	          -0.4810181	          -0.8067932	          -0.4851379	          -0.1766663	           0.2514801
3412500000	          -0.1678467	           0.2478561	          -0.7960205	          -0.4759827	          -0.8110352	           -0.480896	          -0.1717911	           0.2494049
3419000000	          -0.1645279	           0.2451859	          -0.8005981	          -0.4703064	          -0.8166809	          -0.4752808	          -0.1669159	           0.2464294
3425500000	          -0.1613159	           0.2439575	          -0.8043823	          -0.4658508	          -0.8215027	          -0.4693909	          -0.1623459	           0.2441864
3432000000	          -0.1581192	            0.241539	          -0.8087769	          -0.4603577	          -0.8247375	          -0.4622192	          -0.1591873	           0.2415314
3438500000	          -0.1545486	           0.2397537	          -0.8127747	          -0.4555664	          -0.8268738	           -0.456604	          -0.1569061	           0.2399826
3445000000	           -0.151268	           0.2366028	          -0.8166504	          -0.4490356	            -0.82901	          -0.4514771	          -0.1552505	           0.2380905
3451500000	          -0.1484299	           0.2344589	          -0.8196716	          -0.4436951	          -0.8318481	          -0.4483337	          -0.1528854	           0.2372589
3458000000	          -0.1465607	           0.2315979	           -0.822876	          -0.4379883	          -0.8365784	          -0.4441223	          -0.1501694	           0.2353592
3464500000	          -0.1449203	           0.2306824	          -0.8253479	          -0.4339294	          -0.8417053	          -0.4396362	          -0.1463089	           0.2334366
3471000000	           -0.143364	           0.2301331	           -0.829071	          -0.4295959	          -0.8475037	          -0.4321899	          -0.1426468	           0.2297287
3477500000	          -0.1402664	           0.2306061	          -0.8334351	          -0.4259644	          -0.8510437	          -0.4255676	          -0.1394501	           0.2269211
3484000000	          -0.1362457	           0.2293243	          -0.8385925	          -0.4204102	          -0.8534241	          -0.4186401	          -0.1366577	           0.2239304
3490500000	          -0.1322021	           0.2280045	          -0.8431091	          -0.4149475	          -0.8556824	          -0.4140625	          -0.1333694	           0.2225266
3497000000	          -0.1288605	           0.2250137	          -0.8465271	            -0.40802	          -0.8588867	          -0.4092407	          -0.1299896	           0.2208023
3503500000	          -0.1258163	           0.2234039	          -0.8487854	          -0.4032898	          -0.8626099	          -0.4050903	          -0.1263275	           0.2198563
3510000000	          -0.1230698	           0.2213821	          -0.8520508	          -0.3983154	          -0.8669434	          -0.3990784	          -0.1227722	           0.2175674
3516500000	          -0.1194611	           0.2208176	          -0.8556213	          -0.3944702	          -0.8707275	          -0.3935547	          -0.1195831	            0.215416
3523000000	          -0.1152878	           0.2192535	          -0.8610229	           -0.388855	          -0.8742065	          -0.3869629	          -0.1171341	           0.2122574
3529500000	          -0.1109619	           0.2177658	          -0.8655396	          -0.3832397	          -0.8771362	          -0.3816528	          -0.1143417	           0.2097626
3536000000	          -0.1071167	           0.2148209	          -0.8693237	          -0.3756409	          -0.8809509	          -0.3759155	          -0.1113968	           0.2063217
3542500000	          -0.1038513	           0.2125854	          -0.8719482	          -0.3698425	          -0.8847961	          -0.3706665	          -0.1079254	           0.2037506
3549000000	          -0.1013565	            0.209816	          -0.8746033	          -0.3642883	          -0.8887939	          -0.3637695	          -0.1041031	           0.2001495
3555500000	          -0.0982819	           0.2083893	          -0.8780212	          -0.3603821	          -0.8920288	          -0.3578796	           -0.100502	           0.1974945
3562000000	          -0.0946884	            0.205986	          -0.8830872	          -0.3546753	          -0.8951111	          -0.3514099	          -0.0974655	           0.1942062
3568500000	          -0.0906219	           0.2037735	          -0.8874207	          -0.3489075	          -0.8977966	          -0.3462219	           -0.094696	           0.1922531
3575000000	          -0.0868378	           0.1997223	          -0.8909912	          -0.3403625	          -0.9011841	          -0.3398743	          -0.0925064	           0.1895981
3581500000	          -0.0839462	           0.1964188	          -0.8926392	          -0.3340454	          -0.9040527	          -0.3345642	          -0.0902481	            0.187645
3588000000	           -0.081955	            0.192955	          -0.8940735	          -0.3273926	          -0.9073486	          -0.3275452	          -0.0882797	           0.1845245
3594500000	          -0.0800095	            0.191246	          -0.8961182	          -0.3228455	            -0.90979	          -0.3215027	          -0.0861206	           0.1817398
3601000000	          -0.0772247	           0.1891937	           -0.899292	           -0.317627	          -0.9123535	          -0.3145752	          -0.0840912	           0.1777649
3607500000	          -0.0736771	           0.1876678	          -0.9031067	          -0.3124084	           -0.914917	           -0.309082	           -0.081604	           0.1749496
3614000000	          -0.0700531	           0.1843948	           -0.907196	          -0.3050232	          -0.9177551	          -0.3024902	          -0.0787048	           0.1714401
3620500000	          -0.0667496	           0.1811829	           -0.909668	          -0.2986755	          -0.9208069	          -0.2966614	          -0.0754623	           0.1689301
3627000000	          -0.0643845	           0.1769714	          -0.9116211	          -0.2918091	          -0.9237366	          -0.2899475	          -0.0721512	            0.165802
3633500000	          -0.0622635	           0.1740494	          -0.9136353	          -0.2867432	           -0.926239	          -0.2837219	          -0.0691986	            0.163414
3640000000	          -0.0596695	           0.1707001	          -0.9165955	          -0.2810364	          -0.9281006	          -0.2773743	          -0.0668793	           0.1607742
3646500000	          -0.0565948	           0.1679688	          -0.9197693	           -0.276123	          -0.9302673	          -0.2723389	          -0.0649719	           0.1589966
3653000000	          -0.0534134	           0.1643829	          -0.9229431	          -0.2690125	          -0.9334106	          -0.2661133	           -0.062973	            0.155983
3659500000	          -0.0506516	           0.1612091	          -0.9255066	          -0.2631226	          -0.9361267	          -0.2603149	          -0.0608521	           0.1533203
3666000000	          -0.0484619	           0.1570129	          -0.9272461	          -0.2557678	          -0.9391174	          -0.2528076	          -0.0586014	           0.1489258
3672500000	          -0.0463867	           0.1541519	          -0.9289246	          -0.2505798	          -0.9410706	          -0.2462463	          -0.0562897	           0.1448517
3679000000	          -0.0445709	           0.1507339	           -0.931488	          -0.2445679	          -0.9431152	          -0.2384949	          -0.0541687	           0.1398697
3685500000	          -0.0421371	           0.1481552	           -0.934082	          -0.2392578	           -0.944397	          -0.2325745	          -0.0521011	           0.1365662
3692000000	          -0.0396652	           0.1439743	          -0.9377747	          -0.2322693	          -0.9466553	          -0.2258606	          -0.0498734	           0.1331253
3698500000	          -0.0375366	           0.1401749	          -0.9404297	           -0.225708	          -0.9486694	          -0.2203064	          -0.0473328	           0.1309128
3705000000	          -0.0360641	           0.1354218	          -0.9425964	          -0.2177734	          -0.9512024	          -0.2133484	          -0.0450058	           0.1279831
3711500000	          -0.0345764	           0.1316681	          -0.9442444	          -0.2116089	          -0.9533081	          -0.2071838	          -0.0429459	           0.1256332
3718000000	          -0.0333481	           0.1277161	           -0.946106	           -0.204834	          -0.9554443	          -0.1998596	         -0.04148102	           0.1223602
3724500000	          -0.0317764	           0.1251221	          -0.9476318	          -0.1991882	          -0.9569092	          -0.1937866	         -0.04021072	           0.1194725
3731000000	         -0.02977371	            0.121666	          -0.9498291	          -0.1929016	          -0.9586792	          -0.1867065	         -0.03920746	             0.11549
3737500000	          -0.0279007	           0.1188164	          -0.9518738	          -0.1868286	          -0.9600525	          -0.1807556	         -0.03778076	            0.112381
3744000000	         -0.02610779	           0.1151657	            -0.95401	           -0.179657	          -0.9618225	          -0.1734619	         -0.03580093	           0.1078453
3750500000	         -0.02441788	           0.1120605	          -0.9559021	          -0.1736755	           -0.963501	          -0.1670837	         -0.03367233	           0.1041946
3757000000	         -0.02307129	           0.1082649	          -0.9578552	          -0.1661072	          -0.9644775	          -0.1594849	         -0.03170776	           0.1000099
3763500000	         -0.02143097	           0.1048584	          -0.9596252	          -0.1598511	          -0.9658203	          -0.1533508	         -0.02991486	          0.09700775
3770000000	          -0.0200882	           0.1005669	           -0.961731	          -0.1522522	            -0.96698	          -0.1463623	         -0.02846146	          0.09405518
3776500000	         -0.01893616	          0.09683609	          -0.9628296	          -0.1456909	          -0.9682007	          -0.1402283	         -0.02708435	          0.09196091
3783000000	         -0.01809692	          0.09280014	          -0.9642639	          -0.1381836	           -0.969574	          -0.1330872	         -0.02574158	          0.08922577
3789500000	         -0.01705551	          0.08953857	          -0.9654236	          -0.1320801	          -0.9709473	          -0.1269226	          -0.0243721	          0.08652496
3796000000	         -0.01607895	          0.08573532	          -0.9666443	              -0.125	          -0.9724121	          -0.1196899	         -0.02324677	          0.08231354
3802500000	         -0.01466751	          0.08263016	          -0.9679871	          -0.1191101	           -0.973175	          -0.1134644	         -0.02226257	          0.07845688
3809000000	         -0.01344681	          0.07845688	          -0.9697571	          -0.1120605	          -0.9744568	          -0.1061096	         -0.02167511	          0.07339478
3815500000	         -0.01223755	          0.07473755	          -0.9710693	          -0.1054688	          -0.9753418	          -0.1000061	         -0.02080536	          0.06955719
3822000000	          -0.0116272	          0.07032394	            -0.97229	          -0.0979004	          -0.9760437	          -0.0927124	         -0.01965332	          0.06539536
3828500000	         -0.01096344	          0.06674957	          -0.9732971	          -0.0914001	          -0.9769897	          -0.0865173	         -0.01838303	          0.06232262
3835000000	         -0.01073837	          0.06288528	          -0.9742126	          -0.0836792	          -0.9779053	          -0.0791626	         -0.01699448	           0.0590744
3841500000	         -0.00994873	          0.05969048	          -0.9749451	          -0.0773926	          -0.9784546	          -0.0727844	         -0.01598358	          0.05651855
3848000000	         -0.00917625	          0.05573463	          -0.9755554	          -0.0697937	          -0.9789429	          -0.0654602	         -0.01517296	          0.05340958
3854500000	         -0.00823593	           0.0524292	          -0.9763184	          -0.0632629	          -0.9796448	          -0.0591431	         -0.01504326	          0.05069351
3861000000	         -0.00793648	          0.04829025	          -0.9771423	          -0.0556946	          -0.9803467	          -0.0516357	         -0.01498604	          0.04708481
3867500000	         -0.00757217	          0.04493713	          -0.9775696	          -0.0492554	          -0.9807129	          -0.0455933	         -0.01478767	          0.04379463
3874000000	         -0.00751114	          0.04133034	          -0.9781494	          -0.0415344	          -0.9813843	          -0.0379028	         -0.01447678	          0.03936768
3880500000	         -0.00711823	          0.03816414	          -0.9785461	          -0.0352478	          -0.9817505	          -0.0317078	         -0.01387978	          0.03544807
3887000000	         -0.00671196	          0.03443146	          -0.9791565	          -0.0275879	          -0.9820862	           -0.024231	         -0.01317787	          0.03097725
3893500000	         -0.00632858	          0.03084373	          -0.9795227	          -0.0213928	          -0.9822693	           -0.018219	         -0.01237488	          0.02761936
3900000000	         -0.00605869	          0.02648926	          -0.9797058	          -0.0139771	          -0.9826355	          -0.0106506	         -0.01148987	          0.02405167
